1.025194	-0.010984	-0.013294	-0.021923	-0.020780	-0.022826	-0.010477	-0.010101	-0.017430	-0.019051	-0.012025	-0.011732	-0.004657	-0.022745	-0.009626	-0.016511	-0.024128	-0.008055	-0.008471	-0.010964	-0.021465	-0.002058	-0.023269	-0.022469	-0.018889	-0.021248	-0.015128	-0.012811	-0.014104	-0.016795	-0.006263	-0.030465	-0.001127	-0.033023	-0.023413	-0.014485	-0.007624	-0.015450	-0.021618	-0.010379	-0.010331	0.002893	-0.013652	-0.014055	-0.024764	-0.011963	-0.023137	-0.017868	-0.031588	-0.010333	-0.020839	-0.029920	-0.008954	-0.009734	-0.013601	-0.020256	-0.027240	-0.006270	-0.027828	-0.009722	-0.010002	-0.031153	-0.003524	-0.009235	-0.013064	-0.015016	-0.015635	-0.008471	-0.010899	-0.032304	-0.030727	-0.021416	-0.010681	-0.024669	-0.021474	-0.022197	-0.007866	-0.000176	-0.015497	-0.017878	-0.016316	-0.020143	-0.009209	-0.009707	-0.018571	-0.011002	0.001362	-0.022356	-0.021537	-0.014995	-0.027237	-0.015776	-0.024450	-0.026184	-0.024508	-0.014289	
-0.010984	1.060799	-0.005482	-0.005141	-0.015137	-0.009817	-0.017596	-0.012084	-0.025454	-0.022744	-0.021467	-0.012150	-0.008786	-0.007069	-0.016699	-0.021745	-0.015374	-0.010289	-0.001205	-0.008938	-0.013769	-0.028255	-0.019837	-0.013755	-0.011273	-0.015615	-0.017608	-0.006338	-0.014492	-0.011013	-0.022450	-0.013436	-0.007125	-0.014602	-0.000160	-0.034700	-0.032682	-0.014822	-0.011363	-0.019956	-0.023049	-0.016408	-0.023486	-0.014492	-0.020823	-0.023543	-0.016957	-0.015656	-0.009823	-0.018657	-0.034537	-0.034657	-0.013166	-0.019535	-0.017954	-0.017218	-0.015180	-0.017671	-0.025156	-0.007856	-0.022633	-0.023912	-0.022130	-0.009894	-0.013230	-0.036055	-0.023622	-0.020142	-0.026670	-0.015929	-0.021771	-0.013101	-0.033928	-0.020577	-0.014164	-0.020691	-0.016041	-0.003808	-0.017265	-0.015434	-0.010336	-0.003864	0.004601	-0.026695	-0.019322	-0.021698	-0.007656	-0.017441	-0.014271	-0.012165	-0.006910	-0.005633	-0.013051	-0.016813	-0.029181	-0.020574	
-0.013294	-0.005482	0.989273	-0.024975	-0.014990	-0.031068	-0.014189	-0.008582	-0.004539	-0.021376	-0.015284	-0.005368	-0.012273	-0.020368	-0.004672	-0.016529	-0.013970	-0.009098	-0.005361	-0.007511	-0.013276	-0.016381	-0.027351	-0.022461	-0.013921	-0.026454	-0.013145	-0.014793	-0.009863	-0.009794	-0.010998	-0.030816	-0.020083	-0.005643	-0.003714	-0.006885	-0.000623	-0.017122	-0.008849	-0.009748	-0.006974	-0.035086	-0.010708	-0.011986	-0.026165	-0.013543	-0.013911	-0.018140	-0.026747	-0.014644	-0.018615	-0.005005	-0.006701	-0.017796	-0.023098	-0.005312	-0.017314	-0.013892	-0.020122	-0.009971	-0.005026	-0.013769	0.003341	-0.022529	-0.017027	-0.009756	-0.020719	-0.017801	-0.021219	-0.006343	-0.002959	-0.027790	-0.029868	-0.011593	-0.022219	-0.025840	-0.025971	-0.008621	-0.011359	-0.015083	-0.013343	-0.012432	-0.032096	-0.022814	-0.008934	-0.017557	-0.024572	-0.011984	-0.026158	-0.021432	-0.026111	-0.004526	-0.020292	-0.009379	-0.028368	-0.035308	
-0.021923	-0.005141	-0.024975	0.982854	-0.025545	-0.018926	-0.014065	-0.020991	-0.019000	-0.017921	-0.007913	-0.010279	-0.016913	-0.012006	-0.023359	-0.011676	-0.024150	-0.013121	-0.013705	-0.009198	-0.003947	-0.022042	-0.005210	-0.025763	-0.022164	-0.022625	-0.011070	-0.004804	-0.021257	-0.030182	-0.013095	-0.018735	-0.017112	-0.006826	-0.014354	-0.020532	-0.009258	-0.028841	-0.005262	-0.002578	-0.003743	-0.022415	-0.022247	-0.016790	-0.011932	-0.011858	-0.019014	-0.012206	-0.008777	-0.016700	-0.003574	-0.012169	-0.016918	-0.009048	-0.022222	-0.019463	-0.003683	-0.023405	-0.013691	-0.024475	-0.012479	-0.005071	-0.015354	-0.021466	-0.014420	-0.017618	-0.010543	-0.014673	-0.026788	-0.000428	-0.025856	-0.020196	-0.007920	-0.010097	-0.014149	-0.004833	-0.010770	-0.024455	-0.027150	-0.019251	-0.014197	-0.008103	-0.015371	-0.006940	-0.019392	-0.025429	-0.021981	-0.012983	-0.012586	-0.016098	-0.023519	-0.013400	-0.012765	-0.017376	-0.003681	-0.013729	
-0.020780	-0.015137	-0.014990	-0.025545	1.004509	-0.019418	-0.017084	-0.004450	-0.010707	-0.009932	-0.020954	-0.010794	-0.020859	-0.016438	-0.018920	-0.013344	-0.015863	-0.020528	-0.016586	-0.008006	-0.016606	-0.003536	-0.014685	-0.006610	-0.017197	-0.029266	-0.004838	-0.010267	-0.003223	-0.010948	-0.020608	-0.003780	-0.008798	-0.014549	-0.007135	-0.017545	-0.013633	0.002200	-0.005258	-0.016890	-0.014984	-0.019546	-0.012268	-0.025065	-0.007030	-0.016532	-0.018876	-0.033390	-0.017542	-0.028827	-0.020454	-0.019944	-0.004258	-0.011190	-0.016056	-0.007275	-0.009818	-0.017191	-0.021500	-0.022978	-0.018524	-0.015587	-0.002639	-0.016705	-0.017630	-0.024894	-0.011870	-0.012095	-0.026814	-0.027103	-0.030424	-0.016069	-0.010482	-0.013612	-0.014958	-0.020847	-0.018186	-0.034998	-0.006358	-0.012866	-0.010782	-0.016466	-0.011351	-0.021625	-0.021454	-0.022661	-0.015225	-0.018487	-0.029085	-0.021950	-0.012074	-0.006159	-0.015242	-0.003766	-0.009211	-0.020734	
-0.022826	-0.009817	-0.031068	-0.018926	-0.019418	1.047811	-0.020049	-0.014545	-0.007721	-0.000655	-0.008111	-0.033847	-0.019117	-0.014601	-0.020555	-0.020123	-0.023936	-0.008441	-0.021291	-0.014063	-0.006036	-0.024526	-0.015813	-0.009784	-0.022403	-0.020377	-0.019048	-0.014986	-0.013572	-0.021076	-0.008758	0.001381	-0.008373	-0.021620	-0.004364	-0.016112	-0.019246	-0.012498	-0.042891	-0.034607	-0.009181	-0.020745	-0.019276	-0.016138	-0.014857	-0.020388	-0.013703	-0.017261	-0.021337	-0.022473	-0.020402	-0.014249	-0.001032	-0.018190	-0.022208	-0.022416	-0.015561	-0.020194	-0.003625	-0.005208	-0.014982	-0.016058	-0.007540	-0.012165	-0.023904	-0.026575	-0.023239	-0.022467	-0.015993	-0.004904	-0.007803	-0.025354	-0.041860	-0.020140	-0.021540	-0.012420	-0.029583	-0.032127	-0.014773	-0.018445	-0.002659	-0.009489	-0.004847	-0.011882	-0.016355	-0.013951	-0.004929	-0.012561	0.000186	-0.011149	-0.006954	-0.016272	-0.023173	-0.014332	0.000501	-0.022688	
-0.010477	-0.017596	-0.014189	-0.014065	-0.017084	-0.020049	0.990850	-0.009957	-0.015211	-0.025371	-0.024376	-0.013843	0.003294	-0.012559	-0.014686	-0.009594	-0.022811	-0.006125	-0.014376	-0.015486	-0.018603	-0.020462	-0.016622	-0.007859	-0.023407	-0.012649	-0.024868	-0.015860	-0.015405	-0.005575	-0.007272	-0.010892	-0.018028	-0.009059	-0.008787	0.002069	-0.008214	-0.011265	-0.020574	-0.024167	-0.012654	-0.011266	-0.011896	-0.009609	-0.015715	-0.021661	-0.030125	-0.023156	-0.027751	-0.022147	-0.015078	-0.020507	-0.021788	-0.022863	-0.009759	-0.026351	-0.010949	-0.006189	-0.016518	-0.009725	-0.008691	-0.021603	-0.019858	-0.023227	-0.019356	-0.018567	0.001017	-0.018829	-0.018797	-0.018625	-0.009070	-0.035446	-0.009298	-0.012194	-0.013808	-0.020647	0.001973	-0.011922	-0.028783	-0.023963	-0.023972	-0.021795	-0.024562	-0.013230	-0.007965	-0.012075	0.002779	-0.030868	0.002203	-0.015730	-0.010595	-0.008703	-0.012322	-0.023316	-0.016078	-0.023769	
-0.010101	-0.012084	-0.008582	-0.020991	-0.004450	-0.014545	-0.009957	0.999052	-0.012812	-0.013091	-0.012950	-0.001186	-0.014896	-0.022258	-0.015174	-0.016474	-0.023070	-0.025266	-0.014440	-0.022302	-0.018123	-0.019490	-0.023494	-0.016149	-0.015106	-0.024268	-0.023343	-0.019355	-0.027149	-0.010446	-0.013950	0.007652	-0.023184	-0.022506	-0.024668	-0.007785	-0.024135	-0.012175	-0.017832	-0.008712	-0.009985	-0.010774	0.001066	-0.016515	-0.017047	-0.012289	-0.014642	-0.007149	-0.024439	-0.018904	0.003105	-0.002900	-0.017422	-0.015166	-0.016129	-0.007756	-0.018773	-0.020517	-0.027626	-0.020370	-0.021138	-0.023494	-0.016390	-0.011845	-0.013581	-0.001688	-0.024844	-0.003276	-0.014951	-0.001157	-0.020884	-0.019378	-0.016642	-0.014700	-0.012931	-0.001742	-0.010340	0.003031	-0.028878	-0.011456	-0.012556	-0.028928	-0.015029	-0.014854	-0.024954	-0.028353	-0.022703	-0.009502	-0.007274	-0.019364	-0.018045	-0.007791	-0.031259	-0.014413	-0.017159	-0.015832	
-0.017430	-0.025454	-0.004539	-0.019000	-0.010707	-0.007721	-0.015211	-0.012812	1.015169	-0.022123	-0.022964	-0.020321	-0.010407	-0.011467	-0.015566	-0.010851	-0.008939	-0.028900	-0.017400	-0.008562	-0.000209	-0.016705	-0.018256	-0.004618	-0.008996	-0.013002	-0.013627	-0.005927	-0.021513	-0.020022	-0.017316	-0.028659	-0.020055	-0.023718	-0.007391	-0.005959	-0.014740	-0.022687	-0.038682	-0.023661	-0.019661	-0.013003	-0.004519	-0.017343	-0.011727	-0.012245	-0.016209	-0.015226	-0.013309	-0.026224	-0.008706	-0.015132	-0.025018	-0.025410	-0.027934	-0.010635	-0.021692	-0.014826	0.009713	-0.020404	-0.012886	-0.038759	-0.010222	-0.023588	-0.012172	-0.010971	-0.003557	-0.012202	-0.018052	-0.023748	-0.013104	-0.023459	-0.023084	-0.020209	-0.013075	-0.016225	-0.018785	-0.008995	-0.017659	-0.007908	-0.010615	-0.003694	-0.027222	0.007828	-0.027433	-0.027092	-0.015857	-0.017167	-0.018524	-0.013668	-0.026130	-0.017647	-0.011005	-0.004290	-0.015430	-0.017333	
-0.019051	-0.022744	-0.021376	-0.017921	-0.009932	-0.000655	-0.025371	-0.013091	-0.022123	0.965477	-0.006488	-0.017945	-0.017068	-0.014989	-0.019140	-0.013424	-0.011493	-0.018847	-0.015629	-0.010879	-0.023662	-0.018666	-0.009602	-0.010913	-0.013551	-0.009953	-0.011356	-0.015855	-0.017106	-0.011784	-0.017512	-0.027821	-0.022653	-0.019000	-0.007976	-0.009349	-0.021147	-0.020687	-0.015708	-0.017744	-0.015991	-0.020156	-0.016010	-0.022002	-0.018947	-0.021249	-0.015801	-0.018228	-0.012170	-0.029224	-0.025168	-0.014391	-0.010453	-0.005782	-0.005431	-0.020678	-0.017714	-0.016083	-0.014756	-0.015852	-0.015039	-0.008945	-0.023278	-0.016529	-0.016653	-0.010398	-0.008724	-0.017945	-0.009409	-0.016630	-0.015342	-0.010340	-0.012996	-0.015724	-0.017553	-0.015771	-0.022159	-0.023371	-0.010036	-0.018247	-0.014790	-0.005007	-0.017383	-0.021386	-0.018935	-0.013077	-0.016930	-0.020025	-0.019138	-0.019812	-0.008807	-0.011738	-0.018145	-0.015684	-0.017635	-0.020953	
-0.012025	-0.021467	-0.015284	-0.007913	-0.020954	-0.008111	-0.024376	-0.012950	-0.022964	-0.006488	0.979817	-0.023150	-0.015281	-0.007895	-0.023214	-0.017435	-0.014494	-0.007992	-0.026410	-0.015569	-0.012517	-0.012096	-0.010802	-0.013381	-0.016320	-0.014026	-0.028458	-0.004915	-0.016269	-0.008901	-0.014431	0.005857	-0.019330	-0.016859	-0.009492	-0.026515	-0.032960	-0.013722	-0.013015	0.000851	-0.019901	-0.014102	-0.013561	-0.030733	-0.010262	-0.019625	-0.018063	-0.003028	-0.022751	-0.020527	-0.007980	-0.013378	-0.021191	-0.008413	-0.015662	-0.003821	-0.025782	-0.017441	-0.021701	-0.020254	-0.016019	-0.016223	-0.009601	-0.006603	-0.010632	-0.001071	-0.012096	-0.003307	-0.008067	-0.009421	-0.010235	-0.005670	-0.017114	-0.022926	-0.016782	-0.018255	-0.025909	-0.025688	0.002767	-0.014428	-0.025498	-0.017901	-0.010295	-0.012382	-0.013733	-0.010039	-0.017922	-0.021676	-0.018751	-0.017694	-0.017714	-0.012633	-0.028702	-0.008701	-0.021545	-0.020445	
-0.011732	-0.012150	-0.005368	-0.010279	-0.010794	-0.033847	-0.013843	-0.001186	-0.020321	-0.017945	-0.023150	1.006594	-0.018961	-0.019590	-0.019374	-0.018852	-0.041863	-0.018293	0.004834	-0.010683	-0.006600	-0.029334	-0.016386	-0.011735	-0.026431	-0.024919	-0.012622	-0.014814	-0.019580	-0.022039	-0.017758	-0.007919	-0.015584	-0.010165	-0.025985	-0.014278	-0.017302	-0.012639	-0.016495	-0.017205	-0.016553	-0.019305	-0.016611	-0.021612	-0.015283	-0.010358	-0.005482	-0.024393	-0.016904	-0.005326	0.004598	0.001803	-0.010827	-0.013140	-0.014163	-0.024274	-0.006049	-0.005154	-0.009310	-0.004842	-0.017343	-0.009750	-0.019832	-0.016626	-0.014267	-0.023185	-0.021776	-0.023032	-0.003979	-0.011852	-0.010297	-0.019549	-0.014916	-0.026991	-0.004908	-0.027303	-0.015902	-0.007962	-0.026081	-0.016195	-0.026835	-0.027062	-0.005790	-0.024554	-0.019283	-0.013529	-0.010219	-0.017598	-0.016797	-0.016140	-0.014827	-0.011812	-0.004256	-0.020578	-0.021269	-0.010618	
-0.004657	-0.008786	-0.012273	-0.016913	-0.020859	-0.019117	0.003294	-0.014896	-0.010407	-0.017068	-0.015281	-0.018961	0.990751	-0.007087	-0.014985	-0.004639	0.004995	-0.019978	0.003109	-0.016146	-0.020482	-0.010203	-0.008049	-0.013172	-0.018762	-0.020052	-0.021838	-0.026502	-0.008035	-0.022058	-0.015557	-0.012530	-0.024133	-0.029814	-0.015059	-0.009534	-0.012127	-0.007487	-0.023500	-0.012734	-0.015431	-0.023956	-0.006407	-0.012731	-0.033334	-0.003999	-0.018067	-0.021497	-0.020448	-0.026109	0.000031	-0.009815	-0.013347	-0.021387	-0.016921	-0.015286	-0.021480	-0.018683	-0.006799	-0.002370	-0.013382	0.001333	-0.006713	-0.021328	-0.011495	-0.003107	-0.014611	-0.024453	-0.033853	-0.025405	-0.009917	-0.019289	-0.001936	-0.029698	-0.025637	-0.036820	-0.016919	-0.031730	-0.005966	-0.023712	-0.012119	-0.013900	-0.025985	-0.027678	-0.016453	-0.020055	-0.014834	-0.023090	-0.011307	-0.003782	-0.004486	-0.011910	-0.017448	0.000833	-0.004231	-0.024160	
-0.022745	-0.007069	-0.020368	-0.012006	-0.016438	-0.014601	-0.012559	-0.022258	-0.011467	-0.014989	-0.007895	-0.019590	-0.007087	1.005266	-0.019819	-0.014534	-0.012281	-0.001901	-0.000346	-0.032196	-0.017455	-0.028372	-0.040771	-0.030170	-0.013809	-0.027918	-0.003772	-0.009303	-0.018187	-0.022228	-0.017276	-0.019631	-0.017389	-0.013329	-0.016324	-0.015042	-0.016571	-0.012893	-0.014010	-0.018038	-0.010964	-0.018044	-0.015033	-0.009211	-0.006715	-0.020480	-0.017241	-0.023381	-0.017106	-0.011793	-0.028523	-0.008631	-0.018328	-0.010799	-0.026241	-0.005446	-0.022025	-0.016279	-0.006737	-0.008816	-0.012088	0.000542	-0.022751	-0.010079	-0.009547	-0.008695	-0.016401	-0.011890	-0.014173	-0.019100	-0.010236	-0.013102	-0.023993	-0.019869	-0.019197	-0.016820	-0.020414	-0.026483	-0.016567	-0.027522	-0.021655	-0.016693	-0.017680	-0.014996	-0.022543	-0.010810	-0.015612	-0.010509	-0.019598	-0.014364	-0.001286	-0.024742	0.000060	-0.017793	-0.010294	-0.016475	
-0.009626	-0.016699	-0.004672	-0.023359	-0.018920	-0.020555	-0.014686	-0.015174	-0.015566	-0.019140	-0.023214	-0.019374	-0.014985	-0.019819	1.003428	-0.012297	-0.023453	-0.011187	-0.010973	-0.015662	-0.011247	-0.012844	-0.009568	-0.008947	-0.010115	-0.027860	-0.015517	-0.012913	-0.019964	-0.014936	-0.009776	-0.038516	-0.011593	-0.015109	-0.029032	-0.016887	-0.018337	-0.016292	-0.004176	-0.004147	-0.015316	-0.015457	-0.021910	-0.012623	-0.026236	-0.015958	-0.017047	-0.012109	-0.014992	-0.020410	-0.001043	-0.012247	-0.021926	-0.027525	-0.016218	-0.019329	-0.004420	-0.009818	-0.013571	-0.013991	-0.017485	-0.002832	-0.015006	-0.019416	-0.018498	-0.016620	-0.015979	-0.018980	-0.019481	-0.009647	-0.009978	-0.012601	-0.028585	-0.022635	-0.017918	-0.026415	-0.012029	-0.015416	-0.002809	-0.027732	-0.010744	-0.026850	-0.014907	-0.021378	-0.015165	-0.020497	-0.019708	-0.010585	-0.012771	-0.010682	0.003534	-0.016852	-0.020111	-0.009600	-0.009911	-0.009546	
-0.016511	-0.021745	-0.016529	-0.011676	-0.013344	-0.020123	-0.009594	-0.016474	-0.010851	-0.013424	-0.017435	-0.018852	-0.004639	-0.014534	-0.012297	0.980246	-0.018554	-0.010934	-0.015277	-0.024504	-0.016720	-0.019763	-0.011761	-0.025660	-0.017814	-0.011848	-0.016728	-0.019873	-0.019089	-0.012186	-0.016256	-0.012164	-0.013836	-0.013960	-0.013743	-0.020243	-0.021908	-0.023250	-0.015513	-0.021271	-0.014092	-0.019350	-0.011677	-0.015644	-0.013819	-0.017723	-0.011474	-0.013033	-0.019107	-0.014876	-0.018939	-0.018766	-0.012310	-0.015349	-0.014470	-0.011577	-0.016347	-0.019930	-0.018700	-0.011006	-0.008920	-0.016177	0.000742	-0.016717	-0.021395	-0.019112	-0.024920	-0.023369	-0.019747	-0.016292	-0.021382	-0.010994	-0.018269	-0.014355	-0.014158	-0.021075	-0.018805	-0.018495	-0.018534	-0.009991	-0.018797	-0.023134	-0.020878	-0.013154	-0.022870	-0.011375	-0.002560	-0.016823	-0.019749	-0.016126	-0.009499	-0.008899	-0.013426	-0.025938	-0.016693	-0.019106	
-0.024128	-0.015374	-0.013970	-0.024150	-0.015863	-0.023936	-0.022811	-0.023070	-0.008939	-0.011493	-0.014494	-0.041863	0.004995	-0.012281	-0.023453	-0.018554	1.030248	-0.007941	0.006950	-0.014126	-0.029745	-0.017039	-0.020344	-0.020278	-0.018975	-0.027488	-0.022424	-0.014941	-0.028444	-0.012915	-0.012480	-0.003835	-0.009539	-0.014341	-0.010096	-0.012399	-0.001706	-0.009711	-0.011740	-0.026276	-0.013319	-0.001931	-0.029321	-0.015470	-0.018049	-0.018594	-0.022110	-0.005994	-0.001511	-0.009462	-0.004748	-0.028027	-0.013064	-0.030974	-0.009187	-0.016629	-0.013879	-0.015829	-0.005607	-0.007837	-0.014625	-0.020355	-0.010418	-0.018740	-0.016918	-0.017553	-0.014037	-0.019377	-0.010155	-0.019144	-0.016006	-0.026291	-0.017394	-0.018912	-0.013145	-0.014628	-0.021442	-0.010654	-0.012219	-0.017547	-0.021461	-0.013733	-0.020323	-0.028899	-0.014520	-0.013532	-0.023807	-0.020858	-0.017605	-0.015209	-0.013024	-0.020293	-0.016589	-0.012317	-0.005907	-0.012934	
-0.008055	-0.010289	-0.009098	-0.013121	-0.020528	-0.008441	-0.006125	-0.025266	-0.028900	-0.018847	-0.007992	-0.018293	-0.019978	-0.001901	-0.011187	-0.010934	-0.007941	0.993833	-0.018070	-0.024466	0.005468	-0.011179	-0.019847	-0.020199	-0.020785	-0.013841	-0.017121	-0.014628	-0.026053	-0.037919	-0.022095	-0.007120	-0.013782	-0.025309	-0.024240	-0.015512	-0.004510	-0.016707	-0.020058	-0.021783	-0.001699	-0.032045	-0.014569	-0.012190	-0.009784	-0.009098	-0.020320	-0.017216	-0.012828	-0.016573	-0.002916	-0.023900	-0.020256	-0.009726	-0.014324	-0.020893	-0.026224	-0.013901	-0.010846	-0.002607	-0.020408	-0.013123	-0.025895	-0.017171	-0.016811	-0.026272	-0.013339	-0.016156	-0.033123	-0.026351	-0.024740	-0.020078	-0.014462	-0.015092	-0.009583	-0.017861	-0.019754	-0.005670	-0.000332	-0.012808	-0.013532	-0.016678	-0.014646	-0.007900	-0.002277	-0.020893	-0.015954	-0.023379	-0.023644	0.005545	-0.011520	-0.001089	-0.013740	-0.012335	-0.013209	-0.004549	
-0.008471	-0.001205	-0.005361	-0.013705	-0.016586	-0.021291	-0.014376	-0.014440	-0.017400	-0.015629	-0.026410	0.004834	0.003109	-0.000346	-0.010973	-0.015277	0.006950	-0.018070	0.995769	-0.014766	-0.010671	-0.016560	-0.024938	-0.029359	-0.017118	-0.012923	-0.016471	-0.010669	-0.015036	-0.012491	-0.014119	-0.019270	-0.010092	-0.006803	-0.019550	-0.028433	-0.011118	-0.009210	-0.010375	-0.012074	-0.029219	-0.014355	-0.017017	-0.022191	-0.013515	-0.018976	-0.021827	-0.020808	-0.011932	-0.001223	-0.008620	-0.013857	-0.009089	-0.011779	-0.014539	-0.008119	-0.018251	-0.023178	-0.024579	-0.008940	-0.019162	-0.017971	-0.014872	-0.012770	-0.017825	-0.016029	-0.012755	-0.027747	-0.030194	-0.029164	-0.017350	-0.024476	-0.012854	-0.017822	-0.008270	-0.015993	-0.020012	-0.025010	-0.025222	-0.001146	-0.008647	-0.027141	-0.025353	-0.031380	-0.021865	-0.019732	-0.002117	-0.021079	-0.024856	-0.015333	-0.011818	-0.019814	-0.011930	-0.003978	-0.030799	-0.006586	
-0.010964	-0.008938	-0.007511	-0.009198	-0.008006	-0.014063	-0.015486	-0.022302	-0.008562	-0.010879	-0.015569	-0.010683	-0.016146	-0.032196	-0.015662	-0.024504	-0.014126	-0.024466	-0.014766	1.075682	-0.026417	-0.025024	-0.031957	-0.006015	-0.026529	-0.018353	-0.005971	-0.010671	-0.014701	-0.005911	-0.019934	-0.031883	-0.015249	-0.017685	-0.023595	-0.029730	-0.025449	-0.006249	-0.021585	-0.019504	-0.010672	-0.006056	-0.025121	-0.005854	-0.019465	-0.016272	-0.017180	-0.027407	-0.026600	-0.014516	-0.007165	-0.015944	-0.016526	-0.016899	-0.023517	-0.021275	-0.018623	-0.014386	-0.020276	-0.008715	-0.026274	-0.026917	-0.018402	-0.013113	-0.022191	-0.013056	0.000511	-0.015057	-0.010932	-0.017652	-0.018629	-0.021338	-0.018283	-0.010487	-0.016366	-0.010598	-0.019282	-0.020999	-0.013358	-0.006831	-0.024582	-0.004416	-0.026181	-0.022360	-0.014050	-0.019561	-0.018391	-0.018694	-0.025500	-0.009815	-0.007561	-0.023977	-0.020588	-0.006046	-0.015174	-0.014512	
-0.021465	-0.013769	-0.013276	-0.003947	-0.016606	-0.006036	-0.018603	-0.018123	-0.000209	-0.023662	-0.012517	-0.006600	-0.020482	-0.017455	-0.011247	-0.016720	-0.029745	0.005468	-0.010671	-0.026417	1.017582	-0.030200	-0.020507	-0.021708	-0.016896	-0.002982	-0.013877	-0.019604	-0.013059	-0.022057	-0.007959	-0.039401	-0.002390	-0.020368	-0.020159	-0.017528	-0.023574	-0.015463	-0.016383	0.001354	-0.026256	-0.017588	-0.017274	-0.013464	0.002827	-0.026418	-0.012034	-0.011850	-0.017871	-0.015629	-0.005607	-0.018556	-0.015344	-0.021303	-0.024684	-0.015715	0.005782	-0.008318	-0.023010	-0.020087	-0.022609	-0.026653	-0.019826	-0.007956	-0.017161	-0.016864	-0.021476	-0.014174	-0.018311	-0.013089	-0.020232	-0.016577	-0.019509	-0.018815	-0.014255	-0.023139	-0.020579	-0.016595	-0.032605	-0.013295	-0.019510	-0.007288	-0.010250	-0.013558	-0.016844	-0.015865	-0.018508	-0.018905	-0.018499	-0.019815	-0.028763	-0.019254	-0.015065	-0.017421	-0.006582	0.005277	
-0.002058	-0.028255	-0.016381	-0.022042	-0.003536	-0.024526	-0.020462	-0.019490	-0.016705	-0.018666	-0.012096	-0.029334	-0.010203	-0.028372	-0.012844	-0.019763	-0.017039	-0.011179	-0.016560	-0.025024	-0.030200	1.005974	-0.011020	-0.030674	-0.016301	-0.016283	-0.015751	-0.015236	-0.017534	-0.018322	-0.019740	-0.006925	-0.021453	-0.024044	-0.018890	-0.011039	-0.020177	-0.029041	-0.017833	-0.019022	-0.031050	-0.020039	-0.005954	-0.008961	-0.014097	-0.007734	-0.013646	-0.005508	-0.021190	-0.007948	-0.004707	-0.013250	-0.021825	-0.007221	-0.012612	-0.020029	-0.027453	-0.023484	-0.013871	-0.003789	-0.022906	-0.017196	-0.017680	-0.023710	-0.014882	-0.010279	-0.008789	-0.017104	-0.004775	-0.009200	-0.009716	-0.022794	-0.013825	-0.011190	-0.011048	-0.013985	-0.011802	-0.020967	0.003965	-0.000571	-0.006115	-0.008212	-0.010065	-0.025980	-0.010925	-0.006370	-0.018224	-0.012520	-0.006961	-0.011021	-0.020261	-0.024431	-0.013840	-0.016697	-0.015355	-0.002068	
-0.023269	-0.019837	-0.027351	-0.005210	-0.014685	-0.015813	-0.016622	-0.023494	-0.018256	-0.009602	-0.010802	-0.016386	-0.008049	-0.040771	-0.009568	-0.011761	-0.020344	-0.019847	-0.024938	-0.031957	-0.020507	-0.011020	0.986046	-0.034377	-0.022194	-0.010215	-0.020313	-0.013443	-0.000504	0.004846	-0.011820	-0.000042	-0.011534	-0.009722	-0.014510	-0.000632	-0.014622	-0.017753	-0.015843	-0.013037	-0.000924	-0.007434	-0.020126	-0.013757	-0.013918	-0.012879	-0.005582	-0.014493	-0.010503	-0.016110	-0.030430	-0.014082	-0.004275	-0.021090	-0.008568	-0.012634	-0.017418	-0.021456	-0.010438	-0.014190	-0.019032	-0.011510	-0.031750	-0.010942	-0.018627	-0.005546	-0.014424	-0.017497	-0.004540	-0.012733	-0.010320	-0.008911	-0.016498	-0.023026	-0.017844	-0.011928	-0.020935	-0.009951	-0.019291	-0.024586	-0.018553	-0.021201	-0.012446	-0.027986	-0.013687	-0.020845	0.002050	-0.023153	-0.011960	-0.025009	-0.010470	-0.020773	-0.002278	-0.017686	-0.020349	-0.020849	
-0.022469	-0.013755	-0.022461	-0.025763	-0.006610	-0.009784	-0.007859	-0.016149	-0.004618	-0.010913	-0.013381	-0.011735	-0.013172	-0.030170	-0.008947	-0.025660	-0.020278	-0.020199	-0.029359	-0.006015	-0.021708	-0.030674	-0.034377	1.001447	-0.014430	-0.023260	-0.004314	-0.021412	-0.017777	-0.014636	-0.021328	-0.042372	-0.021394	-0.020204	-0.012838	-0.017818	-0.019769	-0.019594	-0.028659	-0.000066	-0.002695	0.001188	-0.022790	-0.017625	0.000036	-0.020929	-0.021033	-0.002576	-0.013824	-0.007657	-0.020215	-0.006808	-0.014380	-0.010049	-0.018111	-0.025237	0.002314	-0.014788	-0.011115	-0.014072	-0.013223	-0.011732	-0.025085	-0.017404	-0.010971	-0.028258	-0.011303	0.005052	-0.013698	-0.013555	-0.017342	-0.016366	-0.015974	-0.009193	-0.011470	-0.009441	-0.007563	-0.022527	-0.004143	-0.016889	-0.010546	-0.013122	-0.018396	-0.010663	-0.020381	-0.006692	-0.020331	-0.021091	-0.030281	-0.030122	-0.019208	-0.020084	-0.020293	-0.028154	-0.014424	0.001718	
-0.018889	-0.011273	-0.013921	-0.022164	-0.017197	-0.022403	-0.023407	-0.015106	-0.008996	-0.013551	-0.016320	-0.026431	-0.018762	-0.013809	-0.010115	-0.017814	-0.018975	-0.020785	-0.017118	-0.026529	-0.016896	-0.016301	-0.022194	-0.014430	0.989341	-0.006410	-0.013138	-0.001633	-0.005538	-0.017853	-0.022640	-0.021463	-0.018199	-0.008834	-0.013494	-0.006810	-0.017177	-0.004769	-0.014163	-0.018485	-0.012504	-0.022479	-0.024859	-0.018656	-0.031930	-0.012377	-0.020226	-0.021497	0.002285	-0.024753	-0.006514	-0.026173	-0.020255	-0.027024	-0.010200	-0.027530	-0.017045	-0.003586	-0.022158	-0.015432	-0.013437	-0.023672	-0.009478	-0.015032	-0.006204	-0.006641	-0.001228	-0.020002	-0.009097	-0.015320	-0.012113	-0.018362	-0.029270	-0.004307	-0.012506	-0.018452	-0.029892	-0.020630	-0.013891	-0.021720	-0.007560	-0.010520	-0.009800	-0.005028	-0.014167	-0.007263	-0.023159	-0.019371	-0.016802	-0.015510	-0.011373	-0.011611	-0.011006	-0.016705	-0.008186	-0.013431	
-0.021248	-0.015615	-0.026454	-0.022625	-0.029266	-0.020377	-0.012649	-0.024268	-0.013002	-0.009953	-0.014026	-0.024919	-0.020052	-0.027918	-0.027860	-0.011848	-0.027488	-0.013841	-0.012923	-0.018353	-0.002982	-0.016283	-0.010215	-0.023260	-0.006410	1.025561	-0.014129	-0.024443	-0.015172	-0.020034	-0.013059	-0.010368	-0.003132	-0.007120	-0.015790	-0.000052	-0.002170	-0.017876	-0.015069	-0.013402	-0.015278	-0.026193	-0.010439	-0.009413	-0.017071	0.009182	-0.010131	0.003388	-0.018575	-0.015067	-0.021480	-0.010181	-0.025617	-0.036426	-0.021759	-0.012385	-0.007103	-0.017548	-0.024074	-0.010919	-0.020263	-0.005516	-0.016001	-0.013732	-0.021247	0.000682	-0.006538	-0.023761	-0.017224	-0.018421	-0.016203	-0.006225	-0.015479	-0.011324	-0.022735	-0.025767	-0.020419	-0.022245	-0.026399	-0.015788	-0.019723	-0.024702	-0.006389	-0.023681	-0.006882	-0.004203	-0.025854	-0.019363	-0.021028	-0.023734	-0.009959	-0.013230	-0.032513	-0.018667	-0.006770	-0.018385	
-0.015128	-0.017608	-0.013145	-0.011070	-0.004838	-0.019048	-0.024868	-0.023343	-0.013627	-0.011356	-0.028458	-0.012622	-0.021838	-0.003772	-0.015517	-0.016728	-0.022424	-0.017121	-0.016471	-0.005971	-0.013877	-0.015751	-0.020313	-0.004314	-0.013138	-0.014129	1.024551	-0.010683	-0.023982	-0.010456	-0.020343	-0.034323	-0.029724	-0.034409	-0.008675	-0.001003	-0.017111	-0.009266	-0.006222	-0.014500	-0.007633	-0.006781	-0.025370	-0.034564	-0.027935	-0.017837	-0.034538	-0.014900	-0.004713	-0.022506	-0.020595	-0.015138	-0.015624	-0.009220	-0.034399	-0.013488	-0.022252	-0.011076	-0.004316	-0.015452	-0.020080	-0.010310	-0.007900	-0.009863	-0.020008	-0.020281	-0.004918	-0.008685	-0.017589	-0.011516	-0.015944	-0.021324	-0.015226	-0.026422	-0.012931	-0.006928	-0.019814	-0.002118	-0.000232	-0.025076	-0.020027	-0.006676	-0.024621	-0.002443	-0.022548	-0.019915	-0.021628	-0.007667	-0.022410	-0.017930	-0.021535	-0.013421	-0.026188	-0.008552	-0.016644	-0.027522	
-0.012811	-0.006338	-0.014793	-0.004804	-0.010267	-0.014986	-0.015860	-0.019355	-0.005927	-0.015855	-0.004915	-0.014814	-0.026502	-0.009303	-0.012913	-0.019873	-0.014941	-0.014628	-0.010669	-0.010671	-0.019604	-0.015236	-0.013443	-0.021412	-0.001633	-0.024443	-0.010683	0.986890	-0.020538	-0.019351	-0.012284	-0.023823	-0.013774	-0.002824	-0.017706	-0.022961	-0.019657	-0.002342	-0.012020	-0.017548	-0.015835	-0.024653	-0.021979	-0.016572	-0.013305	-0.011375	-0.006862	-0.018134	-0.006099	-0.025199	-0.014742	-0.015263	-0.004298	-0.020314	-0.024387	-0.005976	-0.015085	-0.017951	-0.019724	-0.017884	-0.025777	-0.020214	-0.021932	0.001647	-0.009033	-0.005303	-0.016638	-0.006636	-0.011433	-0.033491	-0.021667	-0.023862	-0.030505	-0.019793	-0.018540	-0.021979	-0.002287	-0.012398	-0.017559	-0.021445	-0.025413	-0.015169	-0.030464	-0.025237	-0.005303	-0.019557	-0.012727	-0.015486	-0.028008	-0.006275	-0.026037	-0.021465	0.000546	-0.013821	-0.005620	-0.012874	
-0.014104	-0.014492	-0.009863	-0.021257	-0.003223	-0.013572	-0.015405	-0.027149	-0.021513	-0.017106	-0.016269	-0.019580	-0.008035	-0.018187	-0.019964	-0.019089	-0.028444	-0.026053	-0.015036	-0.014701	-0.013059	-0.017534	-0.000504	-0.017777	-0.005538	-0.015172	-0.023982	-0.020538	1.003617	-0.008916	-0.005126	-0.020187	-0.022680	-0.020693	-0.009368	-0.016081	-0.005327	0.005324	-0.025864	-0.017421	-0.012787	-0.014082	-0.011010	-0.013263	-0.027826	-0.012167	-0.028107	-0.027595	-0.018013	-0.012055	-0.009127	-0.010970	-0.002572	-0.013110	-0.014227	-0.020975	-0.015133	-0.014074	-0.015756	-0.006364	-0.014383	-0.033247	-0.006233	-0.020975	-0.021727	-0.021140	-0.013650	-0.018091	-0.008063	-0.009101	-0.009397	-0.019690	-0.015210	-0.009182	-0.021468	-0.020786	0.009884	-0.022886	-0.019960	-0.027847	-0.005525	-0.008396	-0.010933	-0.014223	-0.024058	-0.030388	-0.018892	-0.017619	-0.023834	-0.015631	-0.012017	-0.012301	-0.027220	-0.001407	-0.019617	-0.014956	
-0.016795	-0.011013	-0.009794	-0.030182	-0.010948	-0.021076	-0.005575	-0.010446	-0.020022	-0.011784	-0.008901	-0.022039	-0.022058	-0.022228	-0.014936	-0.012186	-0.012915	-0.037919	-0.012491	-0.005911	-0.022057	-0.018322	0.004846	-0.014636	-0.017853	-0.020034	-0.010456	-0.019351	-0.008916	1.004024	-0.010513	-0.012859	-0.019551	-0.011247	-0.027624	-0.009651	-0.001173	-0.018529	-0.027411	-0.020746	-0.019656	-0.010276	-0.013360	-0.019205	-0.006286	-0.016399	-0.025776	-0.019378	-0.023311	-0.019008	-0.025192	-0.016983	-0.016949	-0.016669	-0.012369	-0.002261	-0.012824	-0.015943	-0.013208	0.000079	-0.005968	-0.011040	-0.018148	-0.011995	-0.025692	-0.021096	-0.022897	-0.016087	-0.018749	-0.014492	-0.022859	-0.007750	-0.020952	-0.005741	-0.024512	-0.007403	-0.015282	-0.007660	-0.003185	-0.007878	-0.013775	-0.014644	-0.017613	-0.015489	-0.022017	-0.013357	-0.000901	-0.025028	-0.026780	-0.016435	-0.029705	-0.006491	-0.027329	-0.016854	-0.028291	-0.020371	
-0.006263	-0.022450	-0.010998	-0.013095	-0.020608	-0.008758	-0.007272	-0.013950	-0.017316	-0.017512	-0.014431	-0.017758	-0.015557	-0.017276	-0.009776	-0.016256	-0.012480	-0.022095	-0.014119	-0.019934	-0.007959	-0.019740	-0.011820	-0.021328	-0.022640	-0.013059	-0.020343	-0.012284	-0.005126	-0.010513	0.963276	-0.002772	-0.024495	-0.019689	-0.012677	-0.018656	-0.015846	-0.017943	-0.014434	-0.011465	-0.017503	-0.013031	-0.013451	-0.014566	-0.014326	-0.022460	-0.021673	-0.019080	-0.023367	-0.024406	-0.006239	-0.014456	-0.008345	-0.010887	-0.014293	-0.013119	-0.018598	-0.011026	-0.018581	-0.015091	-0.006221	-0.016763	-0.018760	-0.014580	-0.016678	-0.017208	-0.019459	-0.020415	-0.014648	-0.005376	-0.027976	-0.018116	-0.014597	-0.017917	-0.014901	-0.021816	-0.018432	-0.015938	-0.014049	-0.013585	-0.013479	-0.011480	-0.021081	-0.023451	-0.021114	-0.019327	-0.014684	-0.009500	-0.014466	-0.017606	-0.022595	-0.018200	-0.019208	-0.010711	-0.018381	-0.013091	
-0.030465	-0.013436	-0.030816	-0.018735	-0.003780	0.001381	-0.010892	0.007652	-0.028659	-0.027821	0.005857	-0.007919	-0.012530	-0.019631	-0.038516	-0.012164	-0.003835	-0.007120	-0.019270	-0.031883	-0.039401	-0.006925	-0.000042	-0.042372	-0.021463	-0.010368	-0.034323	-0.023823	-0.020187	-0.012859	-0.002772	0.994855	-0.013499	0.012442	-0.008585	-0.019169	-0.032801	-0.017800	-0.032611	-0.050464	-0.016173	-0.016593	0.002059	0.015584	-0.025522	0.009667	-0.028425	-0.030319	-0.020959	-0.037071	0.009473	-0.029099	0.001041	-0.020884	0.012845	-0.004058	-0.010079	-0.044770	-0.003685	-0.026636	-0.026077	-0.022734	-0.017226	-0.040303	-0.023372	-0.012725	-0.000719	-0.028595	-0.022068	-0.011577	-0.004593	0.022432	0.013596	0.006577	-0.029125	0.024947	-0.031030	-0.032023	0.002149	-0.035696	-0.005352	-0.015940	0.016397	0.009141	-0.005469	-0.005052	-0.010971	-0.001640	-0.020391	-0.024896	0.015573	0.038393	-0.043204	-0.038885	-0.007814	0.020028	
-0.001127	-0.007125	-0.020083	-0.017112	-0.008798	-0.008373	-0.018028	-0.023184	-0.020055	-0.022653	-0.019330	-0.015584	-0.024133	-0.017389	-0.011593	-0.013836	-0.009539	-0.013782	-0.010092	-0.015249	-0.002390	-0.021453	-0.011534	-0.021394	-0.018199	-0.003132	-0.029724	-0.013774	-0.022680	-0.019551	-0.024495	-0.013499	1.028567	-0.012016	-0.015120	-0.022337	-0.018091	-0.016370	-0.022806	-0.010745	-0.018279	-0.018924	-0.005589	-0.000545	-0.017355	-0.012204	-0.006545	-0.020885	-0.022486	0.001521	-0.012825	-0.022034	-0.014177	-0.011041	-0.021874	-0.017571	-0.015339	-0.012139	-0.024630	-0.030995	-0.019420	-0.012430	-0.027678	-0.015576	-0.011563	-0.012968	-0.021649	-0.007865	-0.030110	-0.007614	-0.019770	-0.003762	-0.004676	-0.012877	-0.004863	-0.028886	-0.013846	-0.025062	-0.010451	-0.015575	-0.008254	-0.029232	-0.020696	-0.005130	-0.020619	-0.001235	-0.028132	-0.021473	-0.015491	-0.020566	-0.035146	-0.020154	-0.015315	-0.011648	-0.019962	-0.021362	
-0.033023	-0.014602	-0.005643	-0.006826	-0.014549	-0.021620	-0.009059	-0.022506	-0.023718	-0.019000	-0.016859	-0.010165	-0.029814	-0.013329	-0.015109	-0.013960	-0.014341	-0.025309	-0.006803	-0.017685	-0.020368	-0.024044	-0.009722	-0.020204	-0.008834	-0.007120	-0.034409	-0.002824	-0.020693	-0.011247	-0.019689	0.012442	-0.012016	1.030010	-0.002729	-0.015250	-0.012294	-0.021005	-0.024371	-0.014697	-0.019111	-0.030130	-0.021601	-0.005467	-0.014949	-0.013764	-0.021136	-0.012499	-0.020513	-0.025501	0.008885	-0.022761	-0.015929	-0.005976	-0.011193	0.000188	-0.024618	-0.017356	-0.007624	-0.017985	-0.008452	-0.014959	-0.012863	-0.017083	-0.012123	-0.001347	-0.015172	-0.022793	-0.018842	-0.012323	-0.015202	-0.026845	-0.024191	-0.014206	-0.015222	-0.032041	-0.024722	-0.010670	-0.019331	-0.020916	-0.021031	-0.021323	-0.012232	-0.018322	-0.019078	-0.022886	-0.016755	-0.020413	-0.007618	-0.005513	-0.018796	-0.016900	-0.008223	-0.012249	-0.010709	-0.019895	
-0.023413	-0.000160	-0.003714	-0.014354	-0.007135	-0.004364	-0.008787	-0.024668	-0.007391	-0.007976	-0.009492	-0.025985	-0.015059	-0.016324	-0.029032	-0.013743	-0.010096	-0.024240	-0.019550	-0.023595	-0.020159	-0.018890	-0.014510	-0.012838	-0.013494	-0.015790	-0.008675	-0.017706	-0.009368	-0.027624	-0.012677	-0.008585	-0.015120	-0.002729	1.008964	-0.015724	-0.028539	-0.010213	-0.014384	-0.006348	-0.014425	-0.020316	-0.018825	-0.018806	-0.024153	-0.024584	-0.022639	-0.030138	-0.023382	-0.022699	-0.025890	-0.019937	-0.030619	-0.026822	-0.007661	0.003675	-0.011460	-0.019278	-0.021180	0.011110	-0.019468	-0.028752	-0.029139	-0.020611	-0.020152	-0.018280	-0.018372	-0.014489	-0.007230	-0.021996	-0.011949	-0.012688	-0.007779	-0.015184	-0.012417	-0.006696	-0.030082	0.000299	-0.009392	0.003502	-0.015278	-0.016669	-0.012167	-0.029006	-0.015500	-0.007243	-0.014356	-0.020654	-0.020978	-0.013915	-0.009987	-0.005618	-0.023896	-0.001480	-0.025025	-0.026506	
-0.014485	-0.034700	-0.006885	-0.020532	-0.017545	-0.016112	0.002069	-0.007785	-0.005959	-0.009349	-0.026515	-0.014278	-0.009534	-0.015042	-0.016887	-0.020243	-0.012399	-0.015512	-0.028433	-0.029730	-0.017528	-0.011039	-0.000632	-0.017818	-0.006810	-0.000052	-0.001003	-0.022961	-0.016081	-0.009651	-0.018656	-0.019169	-0.022337	-0.015250	-0.015724	0.986433	-0.017279	-0.015121	-0.012204	-0.023232	-0.020621	-0.018426	-0.018456	-0.018058	-0.011606	-0.013144	-0.015267	-0.011303	-0.017572	-0.018722	-0.022365	-0.010657	-0.005328	-0.009776	-0.030496	-0.001672	-0.028598	-0.009195	-0.011490	-0.008269	-0.010755	-0.016610	-0.018393	-0.018443	-0.024421	0.015679	-0.010230	-0.020365	-0.005645	-0.007669	0.004008	-0.015214	-0.000188	-0.021507	-0.016644	-0.012333	-0.021909	-0.020542	-0.022922	-0.027406	-0.030235	-0.031230	-0.018367	-0.009958	-0.008846	-0.028105	-0.020788	-0.028691	-0.021257	-0.025640	-0.005586	-0.011894	-0.009450	-0.022656	-0.014088	-0.017502	
-0.007624	-0.032682	-0.000623	-0.009258	-0.013633	-0.019246	-0.008214	-0.024135	-0.014740	-0.021147	-0.032960	-0.017302	-0.012127	-0.016571	-0.018337	-0.021908	-0.001706	-0.004510	-0.011118	-0.025449	-0.023574	-0.020177	-0.014622	-0.019769	-0.017177	-0.002170	-0.017111	-0.019657	-0.005327	-0.001173	-0.015846	-0.032801	-0.018091	-0.012294	-0.028539	-0.017279	0.982406	-0.003547	-0.018494	-0.005791	-0.014324	-0.018046	-0.008490	-0.002778	-0.017318	-0.026488	-0.014865	-0.011243	-0.021558	-0.020951	0.000946	-0.004983	-0.007426	-0.030060	-0.008119	-0.017534	-0.016875	-0.025988	-0.027581	-0.022049	-0.022975	-0.007207	-0.013028	-0.017548	-0.021191	-0.021172	-0.015369	-0.011795	-0.031093	-0.011270	-0.017083	-0.013603	0.005468	-0.008055	-0.015821	-0.013695	-0.007557	-0.013902	-0.021870	-0.007823	-0.019378	-0.020887	-0.024092	-0.014632	-0.018762	-0.012108	-0.019384	0.002718	-0.019734	-0.012310	-0.010709	-0.015637	-0.021484	-0.007490	-0.015041	-0.001943	
-0.015450	-0.014822	-0.017122	-0.028841	0.002200	-0.012498	-0.011265	-0.012175	-0.022687	-0.020687	-0.013722	-0.012639	-0.007487	-0.012893	-0.016292	-0.023250	-0.009711	-0.016707	-0.009210	-0.006249	-0.015463	-0.029041	-0.017753	-0.019594	-0.004769	-0.017876	-0.009266	-0.002342	0.005324	-0.018529	-0.017943	-0.017800	-0.016370	-0.021005	-0.010213	-0.015121	-0.003547	0.987515	-0.020271	-0.013926	-0.015012	-0.012366	-0.021053	-0.019259	-0.007809	-0.023869	-0.021226	-0.014601	-0.010635	-0.015663	-0.026282	-0.010800	-0.011367	-0.006611	-0.015964	-0.016458	-0.021589	-0.011266	-0.033415	-0.003812	-0.016284	-0.014080	-0.011273	-0.012921	-0.011303	-0.012151	-0.018606	-0.009196	-0.009355	-0.010760	-0.015239	-0.019899	-0.027119	-0.013192	-0.010204	-0.018255	-0.007545	-0.028465	-0.009940	-0.012627	-0.021874	-0.015468	-0.035298	-0.014475	-0.009518	-0.018652	-0.026230	-0.013905	-0.028144	-0.020605	-0.027535	-0.019527	-0.021944	-0.023481	-0.012711	-0.001346	
-0.021618	-0.011363	-0.008849	-0.005262	-0.005258	-0.042891	-0.020574	-0.017832	-0.038682	-0.015708	-0.013015	-0.016495	-0.023500	-0.014010	-0.004176	-0.015513	-0.011740	-0.020058	-0.010375	-0.021585	-0.016383	-0.017833	-0.015843	-0.028659	-0.014163	-0.015069	-0.006222	-0.012020	-0.025864	-0.027411	-0.014434	-0.032611	-0.022806	-0.024371	-0.014384	-0.012204	-0.018494	-0.020271	1.036867	-0.009169	-0.010047	-0.008054	-0.021570	-0.023158	-0.021223	-0.012921	-0.004062	-0.029639	-0.020999	0.005055	0.006245	-0.006535	-0.018781	-0.003690	-0.011946	-0.015772	-0.014811	-0.015991	-0.013693	-0.024034	-0.014024	-0.027667	-0.015300	-0.008083	-0.011039	-0.010163	-0.006107	-0.003502	-0.014629	-0.026420	-0.031963	-0.018305	-0.020551	-0.016547	-0.014600	-0.015008	-0.007318	-0.004310	-0.012646	-0.016251	-0.018264	-0.029867	-0.025290	-0.016674	-0.013430	-0.012098	-0.019047	-0.018191	-0.024295	-0.023643	-0.008692	-0.017603	-0.019751	-0.011497	-0.022441	-0.020276	
-0.010379	-0.019956	-0.009748	-0.002578	-0.016890	-0.034607	-0.024167	-0.008712	-0.023661	-0.017744	0.000851	-0.017205	-0.012734	-0.018038	-0.004147	-0.021271	-0.026276	-0.021783	-0.012074	-0.019504	0.001354	-0.019022	-0.013037	-0.000066	-0.018485	-0.013402	-0.014500	-0.017548	-0.017421	-0.020746	-0.011465	-0.050464	-0.010745	-0.014697	-0.006348	-0.023232	-0.005791	-0.013926	-0.009169	0.987175	-0.016938	-0.020217	-0.028919	-0.029850	-0.014507	-0.018295	-0.009667	-0.011506	-0.019869	-0.018434	-0.007478	0.005764	-0.015225	-0.027578	-0.014224	-0.003320	-0.027493	-0.007130	-0.014112	-0.023004	-0.017501	-0.006905	0.000337	-0.022376	-0.016919	-0.006211	-0.019177	-0.015287	-0.019794	-0.027794	-0.014538	-0.010468	-0.017908	-0.009086	-0.012713	-0.014559	-0.009974	-0.002815	-0.018808	-0.013936	-0.023916	-0.015966	-0.017480	-0.013367	-0.015527	-0.012219	-0.021334	-0.002910	-0.024483	-0.024113	-0.026357	-0.020036	-0.014377	-0.024613	-0.013453	-0.017146	
-0.010331	-0.023049	-0.006974	-0.003743	-0.014984	-0.009181	-0.012654	-0.009985	-0.019661	-0.015991	-0.019901	-0.016553	-0.015431	-0.010964	-0.015316	-0.014092	-0.013319	-0.001699	-0.029219	-0.010672	-0.026256	-0.031050	-0.000924	-0.002695	-0.012504	-0.015278	-0.007633	-0.015835	-0.012787	-0.019656	-0.017503	-0.016173	-0.018279	-0.019111	-0.014425	-0.020621	-0.014324	-0.015012	-0.010047	-0.016938	0.966975	-0.014340	-0.015278	-0.025164	-0.019320	-0.024210	-0.032688	-0.012161	-0.017759	-0.022146	-0.020071	-0.013279	-0.035156	-0.025819	-0.017606	-0.010188	-0.019270	-0.013035	-0.010992	-0.022018	-0.015862	-0.008148	-0.017066	-0.005739	-0.010465	-0.032021	0.001145	-0.001637	-0.006704	-0.022313	-0.010284	-0.008960	-0.012786	-0.015902	-0.014268	-0.022378	-0.022668	-0.011866	-0.020324	-0.014985	-0.007175	-0.003362	-0.012702	-0.022745	-0.007400	-0.019753	-0.009300	-0.000297	-0.013608	-0.020943	-0.010598	-0.017579	-0.014868	-0.019360	-0.018252	-0.017738	
