0.000000	0.241271	0.233929	0.240617	0.235164	0.242561	0.237214	0.234759	0.237376	0.244772	0.236009	0.234676	0.233508	0.239602	0.236505	0.243493	0.242491	0.235608	0.236677	0.234033	0.242001	0.232159	0.238686	0.238464	0.232093	0.245303	0.238705	0.233720	0.237873	0.241093	0.241858	0.225468	0.234752	0.244365	0.238248	0.234663	0.235102	0.241496	0.239159	0.234556	0.233630	0.231239	0.238167	0.239278	0.242369	0.239175	0.239681	0.237549	0.242119	0.239925	0.240080	0.237111	0.235911	0.237946	0.237095	0.236405	0.242127	0.242677	0.242299	0.233646	0.243540	0.241585	0.232411	0.240524	0.241134	0.237434	0.239577	0.234056	0.236682	0.242322	0.244003	0.236643	0.237594	0.246862	0.244526	0.242682	0.235051	0.229881	0.236394	0.241809	0.238381	0.238599	0.239133	0.236375	0.239043	0.234791	0.232166	0.239354	0.241737	0.238120	0.237743	0.235596	0.237616	0.243096	0.244428	0.231340	
0.241271	0.000000	0.236042	0.240604	0.241651	0.245399	0.239773	0.239905	0.246921	0.250734	0.244555	0.240431	0.240438	0.237173	0.242623	0.248678	0.244638	0.243078	0.240748	0.244672	0.245750	0.243830	0.239588	0.238217	0.236929	0.242470	0.244276	0.239435	0.240461	0.237767	0.247607	0.230090	0.238018	0.246736	0.236638	0.244507	0.246045	0.244288	0.241810	0.239895	0.240421	0.242030	0.240582	0.239397	0.242625	0.244131	0.243487	0.239147	0.238287	0.244677	0.236669	0.242293	0.246824	0.244055	0.242132	0.240726	0.243285	0.246786	0.241937	0.238799	0.250922	0.239149	0.240253	0.245057	0.245797	0.246603	0.244466	0.240679	0.243539	0.239438	0.244355	0.238987	0.250399	0.249053	0.244587	0.244403	0.239057	0.235219	0.241448	0.244036	0.243486	0.239496	0.240047	0.244534	0.240752	0.241386	0.237981	0.238770	0.244177	0.238278	0.238979	0.237150	0.238243	0.241980	0.244703	0.236735	
0.233929	0.236042	0.000000	0.238326	0.233263	0.242844	0.234221	0.230454	0.229579	0.241717	0.233164	0.230495	0.232827	0.233715	0.232982	0.239209	0.237347	0.232292	0.230096	0.233794	0.237829	0.232142	0.237536	0.237061	0.233841	0.241086	0.233834	0.230932	0.230628	0.229964	0.237466	0.224811	0.237114	0.232694	0.227540	0.231328	0.229884	0.235522	0.232367	0.230579	0.234737	0.240699	0.230107	0.235608	0.239490	0.233400	0.229332	0.234048	0.235834	0.233607	0.229076	0.224428	0.233252	0.236334	0.238318	0.228883	0.231469	0.239672	0.237896	0.228466	0.238581	0.233816	0.230094	0.240628	0.236253	0.232185	0.237238	0.230719	0.235128	0.229199	0.227958	0.239539	0.238195	0.238994	0.238195	0.236230	0.239135	0.231026	0.228882	0.235407	0.232074	0.231333	0.241640	0.238761	0.233920	0.232309	0.233679	0.228753	0.239040	0.235555	0.237925	0.229927	0.233016	0.232021	0.239662	0.231868	
0.240617	0.240604	0.238326	0.000000	0.241658	0.242882	0.234937	0.237940	0.240050	0.244346	0.235804	0.235501	0.232934	0.238792	0.237157	0.241987	0.242234	0.233151	0.236075	0.236556	0.233991	0.237973	0.232425	0.244797	0.238137	0.242404	0.238499	0.235679	0.233932	0.240341	0.241523	0.225451	0.240959	0.234367	0.238865	0.238517	0.232693	0.239961	0.237109	0.233764	0.234328	0.234860	0.236362	0.237777	0.235528	0.238207	0.236769	0.235637	0.235161	0.239008	0.233601	0.232895	0.236565	0.237251	0.243533	0.234913	0.232076	0.247587	0.237962	0.236384	0.244086	0.233081	0.233720	0.242243	0.239499	0.235688	0.235015	0.234074	0.238957	0.230698	0.241752	0.239003	0.235608	0.242013	0.241874	0.235089	0.235360	0.239119	0.241426	0.240318	0.236619	0.236555	0.240375	0.239276	0.240082	0.237155	0.237916	0.235130	0.238944	0.236270	0.240369	0.237219	0.234340	0.238325	0.234865	0.231977	
0.235164	0.241651	0.233263	0.241658	0.000000	0.244316	0.234973	0.233243	0.236735	0.239777	0.236832	0.233256	0.238419	0.237981	0.240577	0.239855	0.238746	0.235864	0.234694	0.235765	0.240415	0.233396	0.232563	0.234352	0.233849	0.245170	0.234891	0.233193	0.230366	0.233908	0.242399	0.214387	0.240246	0.234984	0.229679	0.235031	0.237605	0.226557	0.233934	0.233615	0.235283	0.237376	0.231237	0.237726	0.234756	0.234661	0.238102	0.243383	0.237289	0.240584	0.235332	0.233259	0.231736	0.236825	0.235750	0.230544	0.234366	0.242706	0.240219	0.238016	0.244542	0.234221	0.230647	0.241016	0.241397	0.239512	0.238750	0.231258	0.236645	0.236891	0.242335	0.236700	0.240942	0.242497	0.240038	0.236147	0.233333	0.238322	0.232054	0.238258	0.236890	0.236272	0.237281	0.235197	0.238712	0.238226	0.231990	0.230901	0.243260	0.234829	0.234030	0.231941	0.231877	0.234745	0.232224	0.230250	
0.242561	0.245399	0.242844	0.242882	0.244316	0.000000	0.242567	0.239865	0.240904	0.239954	0.234633	0.243337	0.240156	0.240243	0.241526	0.246262	0.247515	0.235418	0.243372	0.242269	0.238881	0.242095	0.239179	0.235086	0.240919	0.245776	0.242421	0.238725	0.238965	0.239034	0.242746	0.225476	0.235754	0.243662	0.235212	0.236902	0.240410	0.237140	0.251594	0.243925	0.236753	0.238516	0.240890	0.241824	0.239216	0.238973	0.240373	0.238744	0.239659	0.244824	0.246083	0.237654	0.234428	0.244348	0.242249	0.235031	0.244236	0.247270	0.237216	0.235789	0.247607	0.238916	0.236063	0.244374	0.246168	0.239817	0.241888	0.237848	0.237892	0.234729	0.241455	0.240073	0.248920	0.247335	0.244569	0.237228	0.243957	0.244436	0.238661	0.244777	0.236817	0.235592	0.239431	0.240676	0.236195	0.237367	0.233814	0.233392	0.239646	0.234454	0.235532	0.241430	0.239801	0.241196	0.235337	0.239640	
0.237214	0.239773	0.234221	0.234937	0.234973	0.242567	0.000000	0.230869	0.235118	0.243386	0.235484	0.233056	0.230100	0.236168	0.235817	0.237654	0.239706	0.231468	0.238208	0.238249	0.241255	0.237161	0.236165	0.235768	0.237138	0.241872	0.239556	0.235890	0.234057	0.231264	0.239439	0.230328	0.234916	0.233183	0.230392	0.229556	0.231245	0.231735	0.238399	0.238709	0.235807	0.235723	0.231180	0.234704	0.239407	0.240568	0.241194	0.239617	0.242013	0.236788	0.233052	0.232446	0.239836	0.237062	0.235375	0.235748	0.234514	0.237867	0.237193	0.234064	0.241290	0.236803	0.233089	0.243548	0.240488	0.236859	0.231404	0.234818	0.234908	0.235432	0.234827	0.240737	0.235116	0.240059	0.239493	0.236101	0.228059	0.231664	0.236796	0.239705	0.239276	0.237379	0.240316	0.234798	0.233739	0.232973	0.231525	0.238378	0.233494	0.232121	0.232686	0.234359	0.233676	0.239949	0.237639	0.233623	
0.234759	0.239905	0.230454	0.237940	0.233243	0.239865	0.230869	0.000000	0.237380	0.240710	0.235905	0.231829	0.235194	0.232693	0.236413	0.239728	0.239918	0.239309	0.235318	0.238828	0.238994	0.235474	0.236348	0.235902	0.234763	0.242110	0.238965	0.235000	0.234648	0.236759	0.238591	0.220100	0.238543	0.234763	0.238050	0.232385	0.238480	0.233349	0.236632	0.231859	0.239216	0.234485	0.228770	0.235464	0.238900	0.233705	0.233736	0.234011	0.237065	0.235505	0.225988	0.226863	0.240708	0.238923	0.238407	0.228468	0.236760	0.242234	0.238591	0.237140	0.243989	0.234503	0.235710	0.239582	0.238479	0.231617	0.239000	0.227900	0.232781	0.230626	0.240311	0.235428	0.240726	0.242439	0.238540	0.231646	0.232376	0.228209	0.239713	0.238655	0.233716	0.239202	0.239603	0.234360	0.237196	0.236724	0.238690	0.229205	0.235731	0.233765	0.236415	0.234787	0.241583	0.235882	0.237974	0.229984	
0.237376	0.246921	0.229579	0.240050	0.236735	0.240904	0.235118	0.237380	0.000000	0.245544	0.239647	0.237757	0.236251	0.234145	0.237385	0.240956	0.237425	0.243226	0.240563	0.240856	0.234537	0.238422	0.237352	0.236981	0.232331	0.240439	0.239627	0.235211	0.238675	0.237859	0.241424	0.232692	0.238665	0.239646	0.233925	0.235950	0.233799	0.240205	0.248995	0.238507	0.240408	0.238313	0.231210	0.241679	0.238777	0.237727	0.237520	0.235487	0.238057	0.241324	0.230370	0.236639	0.243165	0.242330	0.241405	0.234814	0.240023	0.243207	0.231278	0.236298	0.243998	0.243609	0.232752	0.244489	0.240270	0.236346	0.233451	0.235057	0.237272	0.240540	0.237670	0.239483	0.240586	0.245036	0.241272	0.236314	0.237722	0.234923	0.236889	0.239137	0.237525	0.233116	0.246658	0.234974	0.243836	0.242752	0.237335	0.234049	0.237770	0.234458	0.241157	0.235551	0.234804	0.235479	0.238181	0.231474	
0.244772	0.250734	0.241717	0.244346	0.239777	0.239954	0.243386	0.240710	0.245544	0.000000	0.239010	0.241247	0.242057	0.241019	0.242365	0.247561	0.243493	0.243143	0.243623	0.244970	0.249928	0.241302	0.240109	0.240580	0.237368	0.243487	0.242253	0.243630	0.242327	0.239741	0.247426	0.236265	0.244308	0.242242	0.238545	0.240104	0.243857	0.243486	0.243225	0.242018	0.243117	0.240180	0.240183	0.245049	0.244880	0.246233	0.239931	0.241391	0.240931	0.246409	0.237900	0.238491	0.244023	0.240244	0.239710	0.240462	0.242975	0.247432	0.244751	0.240827	0.249072	0.240904	0.244329	0.245807	0.246709	0.239919	0.241454	0.239909	0.239500	0.241838	0.244250	0.240531	0.242122	0.248802	0.246121	0.241163	0.242269	0.243623	0.239425	0.243974	0.241472	0.239791	0.249126	0.244832	0.245553	0.238667	0.241132	0.239740	0.244626	0.241765	0.239634	0.240211	0.240156	0.243931	0.241958	0.238851	
0.236009	0.244555	0.233164	0.235804	0.236832	0.234633	0.235484	0.235905	0.239647	0.239010	0.000000	0.239344	0.235572	0.233364	0.238790	0.239970	0.239917	0.237110	0.241576	0.238656	0.239600	0.232617	0.237035	0.235502	0.234417	0.238846	0.241934	0.231224	0.233907	0.237023	0.240796	0.223395	0.239465	0.237251	0.231046	0.236049	0.241762	0.233438	0.236510	0.231165	0.239058	0.235425	0.234149	0.241474	0.236346	0.239768	0.238906	0.230617	0.237499	0.240836	0.224920	0.232367	0.240202	0.238990	0.238852	0.230116	0.235730	0.243289	0.240467	0.236770	0.241558	0.233380	0.232679	0.240065	0.238559	0.229112	0.235588	0.233916	0.230775	0.234426	0.234554	0.231946	0.241093	0.245649	0.239346	0.234275	0.238561	0.240227	0.229951	0.240553	0.240325	0.235328	0.240522	0.233597	0.234789	0.233424	0.235621	0.234401	0.239840	0.236489	0.236857	0.237768	0.236010	0.233399	0.241449	0.229772	
0.234676	0.240431	0.230495	0.235501	0.233256	0.243337	0.233056	0.231829	0.237757	0.241247	0.239344	0.000000	0.236267	0.237167	0.236004	0.241087	0.248098	0.237332	0.232939	0.238914	0.238518	0.238812	0.236309	0.232413	0.237168	0.241183	0.235540	0.234099	0.233730	0.237343	0.239789	0.222383	0.238903	0.236859	0.235407	0.235116	0.233920	0.235728	0.236255	0.236279	0.234192	0.236512	0.233622	0.237636	0.236555	0.233723	0.228983	0.239575	0.234656	0.234403	0.225620	0.225237	0.234426	0.238493	0.237625	0.238402	0.234029	0.238947	0.234741	0.230940	0.243059	0.234534	0.234210	0.240261	0.238732	0.238093	0.240567	0.236737	0.232200	0.230736	0.237041	0.235152	0.237268	0.245446	0.239882	0.237741	0.233242	0.234867	0.238649	0.238667	0.238902	0.239070	0.234477	0.240151	0.236246	0.231202	0.233525	0.235082	0.237478	0.233552	0.235872	0.231334	0.233089	0.237481	0.236951	0.227273	
0.233508	0.240438	0.232827	0.232934	0.238419	0.240156	0.230100	0.235194	0.236251	0.242057	0.235572	0.236267	0.000000	0.233528	0.237583	0.238651	0.234402	0.239551	0.231025	0.240433	0.237639	0.232678	0.235436	0.235963	0.235381	0.241708	0.237230	0.237109	0.234707	0.239899	0.240645	0.218186	0.239188	0.242657	0.233715	0.229605	0.233991	0.234197	0.239808	0.231432	0.237601	0.236332	0.231518	0.232973	0.241032	0.231582	0.239098	0.239165	0.240228	0.239460	0.229756	0.232297	0.235478	0.241043	0.242229	0.229707	0.239449	0.243169	0.233387	0.230248	0.242285	0.229930	0.231575	0.243410	0.237777	0.232716	0.235867	0.233168	0.240866	0.238425	0.230413	0.233127	0.234441	0.246100	0.242730	0.240936	0.236956	0.240589	0.230810	0.240347	0.235376	0.235814	0.248437	0.239502	0.231644	0.239810	0.231870	0.236251	0.234951	0.229453	0.229108	0.233875	0.232668	0.233934	0.233248	0.229914	
0.239602	0.237173	0.233715	0.238792	0.237981	0.240243	0.236168	0.232693	0.234145	0.241019	0.233364	0.237167	0.233528	0.000000	0.235427	0.241867	0.241261	0.229953	0.231502	0.243425	0.238660	0.240945	0.241782	0.238013	0.234234	0.241549	0.235904	0.233269	0.234107	0.237951	0.241161	0.228161	0.238620	0.235713	0.232149	0.237452	0.236388	0.238922	0.234090	0.235145	0.232706	0.233434	0.233448	0.233663	0.233545	0.239358	0.238604	0.238177	0.235823	0.235134	0.236575	0.225854	0.236448	0.234904	0.236556	0.229103	0.238496	0.241720	0.234417	0.231814	0.241336	0.229115	0.236023	0.238982	0.237156	0.231658	0.236544	0.230705	0.234715	0.233234	0.236589	0.232909	0.239293	0.243160	0.240837	0.236228	0.235477	0.236866	0.236287	0.241150	0.239367	0.239286	0.240694	0.235200	0.236886	0.234083	0.237000	0.230599	0.238686	0.234644	0.231326	0.236532	0.228190	0.238575	0.235782	0.231297	
0.236505	0.242623	0.232982	0.237157	0.240577	0.241526	0.235817	0.236413	0.237385	0.242365	0.238790	0.236004	0.237583	0.235427	0.000000	0.240280	0.240686	0.231275	0.233562	0.239034	0.237740	0.235319	0.235433	0.233475	0.235300	0.241563	0.236635	0.233579	0.234712	0.237221	0.238858	0.228007	0.235033	0.234569	0.238136	0.234461	0.236345	0.236504	0.233666	0.229335	0.236419	0.234807	0.237477	0.236803	0.240685	0.237538	0.236330	0.232815	0.236009	0.240487	0.230935	0.233139	0.237237	0.238186	0.237058	0.235355	0.230548	0.239002	0.238200	0.233404	0.243426	0.230403	0.232414	0.241572	0.240167	0.233398	0.236817	0.236070	0.237398	0.230922	0.234452	0.232248	0.239762	0.243379	0.241644	0.239872	0.234462	0.234916	0.231238	0.243070	0.235135	0.237532	0.242405	0.237598	0.237667	0.237621	0.238184	0.229226	0.237025	0.233988	0.230586	0.236534	0.232926	0.237339	0.235439	0.223303	
0.243493	0.248678	0.239209	0.241987	0.239855	0.246262	0.237654	0.239728	0.240956	0.247561	0.239970	0.241087	0.238651	0.241867	0.240280	0.000000	0.244889	0.239774	0.242452	0.248478	0.242731	0.241731	0.239341	0.246625	0.238794	0.242309	0.242434	0.244160	0.241172	0.239451	0.247087	0.229194	0.242088	0.242017	0.238451	0.240353	0.242817	0.244657	0.242222	0.241815	0.242962	0.242563	0.237667	0.243471	0.241034	0.244923	0.240525	0.241891	0.245616	0.240939	0.240914	0.239615	0.241703	0.242621	0.241727	0.235748	0.241516	0.249127	0.245010	0.240181	0.246203	0.239853	0.237251	0.246403	0.247371	0.243903	0.244846	0.241677	0.242938	0.240636	0.244485	0.239283	0.244409	0.248744	0.246040	0.243760	0.241444	0.241878	0.241337	0.242924	0.243036	0.246017	0.246614	0.241689	0.243726	0.239041	0.236732	0.239865	0.243734	0.237730	0.238195	0.237863	0.238957	0.246630	0.243073	0.236022	
0.242491	0.244638	0.237347	0.242234	0.238746	0.247515	0.239706	0.239918	0.237425	0.243493	0.239917	0.248098	0.234402	0.241261	0.240686	0.244889	0.000000	0.237872	0.233056	0.240734	0.245099	0.240532	0.239563	0.239370	0.239961	0.245135	0.241011	0.238421	0.242181	0.236686	0.243980	0.227263	0.238678	0.239703	0.234249	0.236744	0.234868	0.235900	0.240053	0.240736	0.236424	0.236563	0.240282	0.240077	0.240783	0.238493	0.243152	0.237778	0.234403	0.237754	0.235970	0.238074	0.239081	0.241969	0.240187	0.234507	0.236983	0.245841	0.236452	0.238052	0.244706	0.238411	0.236941	0.244249	0.244860	0.238062	0.240857	0.236724	0.235605	0.237241	0.239773	0.240356	0.240686	0.247259	0.242649	0.239266	0.237105	0.236217	0.237271	0.240275	0.242790	0.237548	0.245043	0.242169	0.239420	0.240815	0.240786	0.235125	0.239511	0.237585	0.238769	0.239679	0.237951	0.239910	0.237506	0.232613	
0.235608	0.243078	0.232292	0.233151	0.235864	0.235418	0.231468	0.239309	0.243226	0.243143	0.237110	0.237332	0.239551	0.229953	0.231275	0.239774	0.237872	0.000000	0.237775	0.243542	0.233364	0.233342	0.237187	0.238208	0.234741	0.243826	0.239160	0.234893	0.237367	0.242783	0.242252	0.231810	0.238174	0.239502	0.236353	0.234054	0.232976	0.236663	0.242096	0.236021	0.235003	0.239081	0.234703	0.236576	0.236730	0.233020	0.236336	0.235472	0.237987	0.236354	0.226595	0.236801	0.236325	0.237049	0.238794	0.237214	0.238645	0.241690	0.235248	0.233361	0.244193	0.235786	0.236261	0.242085	0.239841	0.237249	0.237604	0.234734	0.240396	0.236970	0.239715	0.234808	0.237919	0.243271	0.239462	0.235792	0.234628	0.232313	0.230690	0.236564	0.236539	0.236006	0.238058	0.232270	0.232907	0.236809	0.239134	0.232910	0.240607	0.227544	0.233823	0.232783	0.232625	0.236597	0.238422	0.227994	
0.236677	0.240748	0.230096	0.236075	0.234694	0.243372	0.238208	0.235318	0.240563	0.243623	0.241576	0.232939	0.231025	0.231502	0.233562	0.242452	0.233056	0.237775	0.000000	0.238079	0.238874	0.237063	0.239234	0.242063	0.236921	0.238372	0.240103	0.236685	0.238542	0.234242	0.242737	0.231743	0.235979	0.236838	0.235290	0.238558	0.233999	0.236999	0.241092	0.234014	0.239306	0.234293	0.234570	0.239489	0.238259	0.239584	0.238442	0.237572	0.234763	0.234485	0.224947	0.231925	0.236702	0.235085	0.237191	0.233249	0.239741	0.245601	0.242574	0.235283	0.246078	0.237137	0.237853	0.241057	0.242472	0.236250	0.235017	0.239560	0.241813	0.237501	0.238312	0.238663	0.237662	0.245038	0.238983	0.233962	0.236784	0.240892	0.239579	0.235835	0.232876	0.238984	0.240481	0.241695	0.239147	0.234820	0.233224	0.238239	0.241541	0.234244	0.235176	0.237977	0.233060	0.235550	0.243355	0.226202	
0.234033	0.244672	0.233794	0.236556	0.235765	0.242269	0.238249	0.238828	0.240856	0.244970	0.238656	0.238914	0.240433	0.243425	0.239034	0.248478	0.240734	0.243542	0.238079	0.000000	0.245376	0.239795	0.242577	0.235599	0.239425	0.241733	0.240417	0.241087	0.236611	0.236221	0.245280	0.228713	0.238628	0.244455	0.239162	0.241098	0.238609	0.236442	0.241813	0.242052	0.236474	0.236270	0.240256	0.235525	0.243083	0.241283	0.237563	0.242413	0.245483	0.240293	0.233098	0.234250	0.239676	0.240222	0.244932	0.236716	0.237376	0.246580	0.241015	0.236029	0.249700	0.244488	0.235458	0.243415	0.245765	0.236572	0.235203	0.232519	0.235664	0.238974	0.242255	0.237344	0.241978	0.243600	0.244740	0.237255	0.237364	0.239874	0.239965	0.238083	0.239839	0.237986	0.247067	0.241296	0.241237	0.238268	0.237862	0.237379	0.240780	0.236810	0.233544	0.239286	0.238351	0.240135	0.239071	0.233839	
0.242001	0.245750	0.237829	0.233991	0.240415	0.238881	0.241255	0.238994	0.234537	0.249928	0.239600	0.238518	0.237639	0.238660	0.237740	0.242731	0.245099	0.233364	0.238874	0.245376	0.000000	0.242852	0.238459	0.241718	0.240468	0.237487	0.240506	0.240270	0.237434	0.241704	0.243215	0.232648	0.235723	0.241368	0.237375	0.236281	0.239560	0.239925	0.242046	0.232154	0.241099	0.239503	0.240168	0.240661	0.233513	0.240272	0.236653	0.236027	0.239963	0.239477	0.233683	0.239533	0.240880	0.240089	0.242324	0.235201	0.231755	0.242224	0.241711	0.240995	0.247903	0.243088	0.236709	0.241340	0.244366	0.235777	0.241170	0.237539	0.242054	0.236876	0.239384	0.238570	0.240360	0.246727	0.242351	0.241945	0.239181	0.237602	0.245106	0.240958	0.241495	0.236040	0.240602	0.238752	0.239308	0.239916	0.238004	0.234104	0.240779	0.237516	0.242554	0.237574	0.237208	0.243081	0.240479	0.227572	
0.232159	0.243830	0.232142	0.237973	0.233396	0.242095	0.237161	0.235474	0.238422	0.241302	0.232617	0.238812	0.232678	0.240945	0.235319	0.241731	0.240532	0.233342	0.237063	0.239795	0.242852	0.000000	0.233036	0.243464	0.235089	0.238417	0.238973	0.236337	0.232092	0.236625	0.241919	0.217873	0.238896	0.240761	0.232018	0.231009	0.238404	0.241566	0.239293	0.235484	0.242084	0.233242	0.230443	0.233214	0.236017	0.233975	0.235874	0.232459	0.238394	0.233042	0.226512	0.231233	0.239361	0.235250	0.233996	0.234609	0.241534	0.244959	0.238373	0.232590	0.244793	0.235305	0.235518	0.241897	0.238130	0.235586	0.233342	0.234320	0.231131	0.232706	0.237635	0.233969	0.233147	0.241358	0.239138	0.232254	0.230019	0.237431	0.230981	0.232393	0.233693	0.234338	0.238437	0.240471	0.233207	0.230480	0.234675	0.232961	0.233526	0.230903	0.234768	0.235966	0.232675	0.237649	0.237505	0.227430	
0.238686	0.239588	0.237536	0.232425	0.232563	0.239179	0.236165	0.236348	0.237352	0.240109	0.237035	0.236309	0.235436	0.241782	0.235433	0.239341	0.239563	0.237187	0.239234	0.242577	0.238459	0.233036	0.000000	0.239453	0.235924	0.240552	0.239179	0.235493	0.227542	0.228793	0.239518	0.224584	0.235277	0.233754	0.232867	0.231078	0.234723	0.236879	0.241858	0.234234	0.236697	0.233805	0.231991	0.232416	0.236969	0.234315	0.233712	0.233517	0.233528	0.232849	0.233501	0.236047	0.236130	0.237430	0.238762	0.232062	0.235523	0.243735	0.235651	0.235707	0.242380	0.233330	0.240307	0.238842	0.240822	0.232634	0.239956	0.236583	0.233111	0.234650	0.233670	0.232652	0.237478	0.246265	0.240079	0.235599	0.235111	0.235798	0.234976	0.241182	0.236297	0.236327	0.238783	0.239528	0.236458	0.235491	0.228364	0.232608	0.235400	0.234175	0.230301	0.235069	0.229884	0.236264	0.239599	0.230687	
0.238464	0.238217	0.237061	0.244797	0.234352	0.235086	0.235768	0.235902	0.236981	0.240580	0.235502	0.232413	0.235963	0.238013	0.233475	0.246625	0.239370	0.238208	0.242063	0.235599	0.241718	0.243464	0.239453	0.000000	0.233725	0.244817	0.235960	0.238103	0.237639	0.233248	0.244268	0.225094	0.237205	0.239798	0.234048	0.235075	0.237262	0.239116	0.240214	0.233659	0.233019	0.231343	0.235265	0.235150	0.232365	0.237011	0.238178	0.232761	0.239656	0.233515	0.232751	0.234985	0.236123	0.236549	0.242065	0.235638	0.231457	0.243263	0.239551	0.235602	0.244234	0.234957	0.237709	0.239984	0.238935	0.243336	0.237265	0.227493	0.234022	0.233932	0.242699	0.234566	0.236772	0.241587	0.240398	0.235691	0.232124	0.236689	0.234334	0.237593	0.240268	0.233974	0.237068	0.237300	0.239024	0.230413	0.235327	0.233151	0.244130	0.239056	0.238309	0.235025	0.236450	0.242515	0.239198	0.223944	
0.232093	0.236929	0.233841	0.238137	0.233849	0.240919	0.237138	0.234763	0.232331	0.237368	0.234417	0.237168	0.235381	0.234234	0.235300	0.238794	0.239961	0.234741	0.236921	0.239425	0.240468	0.235089	0.235924	0.233725	0.000000	0.234303	0.237846	0.228549	0.230719	0.232216	0.240903	0.220411	0.236576	0.234977	0.231215	0.232095	0.232845	0.233780	0.238227	0.234520	0.236032	0.232379	0.231392	0.236559	0.240172	0.236077	0.234424	0.236909	0.230205	0.236088	0.230634	0.233554	0.236973	0.240729	0.235852	0.234187	0.234274	0.238799	0.240296	0.232282	0.241921	0.235464	0.227760	0.237042	0.234487	0.232610	0.229661	0.235828	0.231999	0.233020	0.237462	0.234516	0.239621	0.236337	0.237882	0.233598	0.239368	0.234391	0.231850	0.236351	0.231772	0.231432	0.235608	0.231792	0.234764	0.231021	0.230995	0.233018	0.235150	0.234000	0.234618	0.233503	0.228646	0.239001	0.233878	0.225906	
0.245303	0.242470	0.241086	0.242404	0.245170	0.245776	0.241872	0.242110	0.240439	0.243487	0.238846	0.241183	0.241708	0.241549	0.241563	0.242309	0.245135	0.243826	0.238372	0.241733	0.237487	0.238417	0.240552	0.244817	0.234303	0.000000	0.240090	0.242402	0.236497	0.240246	0.241827	0.227301	0.239561	0.239431	0.236372	0.233629	0.234892	0.242680	0.241476	0.240230	0.239928	0.243786	0.233851	0.235351	0.242040	0.234401	0.241227	0.232898	0.238017	0.241424	0.235051	0.235269	0.244914	0.245582	0.242445	0.239247	0.238073	0.247364	0.245898	0.235687	0.248731	0.235206	0.240500	0.244637	0.245482	0.233219	0.240680	0.238471	0.237479	0.237477	0.241675	0.238076	0.243300	0.246112	0.246673	0.245177	0.240154	0.242907	0.241969	0.241773	0.239815	0.243750	0.241867	0.242239	0.237946	0.235662	0.241761	0.235993	0.244321	0.237811	0.235486	0.235450	0.241315	0.241355	0.238218	0.236220	
0.238705	0.244276	0.233834	0.238499	0.234891	0.242421	0.239556	0.238965	0.239627	0.242253	0.241934	0.235540	0.237230	0.235904	0.236635	0.242434	0.241011	0.239160	0.240103	0.240417	0.240506	0.238973	0.239179	0.235960	0.237846	0.240090	0.000000	0.236427	0.237755	0.236867	0.242506	0.232423	0.240884	0.241120	0.232556	0.234208	0.238438	0.234742	0.236580	0.233528	0.234785	0.233436	0.237299	0.243849	0.241968	0.240977	0.241608	0.237830	0.235178	0.238379	0.230590	0.234006	0.238374	0.235985	0.240467	0.234954	0.238677	0.242746	0.235890	0.234709	0.246881	0.237989	0.235210	0.243350	0.243466	0.236902	0.232425	0.233182	0.238814	0.231297	0.237907	0.235439	0.238428	0.248773	0.241432	0.234940	0.239099	0.234005	0.236148	0.243289	0.238710	0.233145	0.241977	0.234464	0.237481	0.235790	0.238277	0.230332	0.241353	0.233966	0.237463	0.234492	0.237813	0.239153	0.239085	0.239587	
0.233720	0.239435	0.230932	0.235679	0.233193	0.238725	0.235890	0.235000	0.235211	0.243630	0.231224	0.234099	0.237109	0.233269	0.233579	0.244160	0.238421	0.234893	0.236685	0.241087	0.240270	0.236337	0.235493	0.238103	0.228549	0.242402	0.236427	0.000000	0.233983	0.238210	0.240612	0.229098	0.238249	0.235707	0.236886	0.237687	0.235043	0.232545	0.236661	0.235235	0.234503	0.239959	0.234937	0.234984	0.237613	0.234969	0.233208	0.235238	0.235039	0.239823	0.233965	0.234253	0.233195	0.239299	0.238760	0.231666	0.236625	0.243013	0.239756	0.235490	0.246482	0.240399	0.236700	0.238450	0.239563	0.233508	0.237553	0.228537	0.235609	0.238675	0.239920	0.237247	0.242928	0.245918	0.241869	0.237285	0.231094	0.232176	0.234902	0.243087	0.236741	0.233952	0.245244	0.241864	0.234666	0.237604	0.233910	0.233452	0.241436	0.230603	0.237709	0.235047	0.229721	0.237352	0.235547	0.227235	
0.237873	0.240461	0.230628	0.233932	0.230366	0.238965	0.234057	0.234648	0.238675	0.242327	0.233907	0.233730	0.234707	0.234107	0.234712	0.241172	0.242181	0.237367	0.238542	0.236611	0.237434	0.232092	0.227542	0.237639	0.230719	0.236497	0.237755	0.233983	0.000000	0.237670	0.234459	0.230693	0.238536	0.235006	0.232844	0.236134	0.232124	0.229968	0.235449	0.233879	0.235312	0.235854	0.233539	0.233912	0.239603	0.232921	0.237887	0.240684	0.234787	0.230294	0.227000	0.227320	0.231021	0.236724	0.232779	0.230775	0.232642	0.238614	0.234168	0.231964	0.240784	0.239565	0.229322	0.241052	0.240041	0.232968	0.238045	0.232984	0.230105	0.228735	0.234188	0.235144	0.236250	0.238878	0.240176	0.234893	0.226821	0.235698	0.234505	0.242820	0.231332	0.230387	0.238619	0.234416	0.237536	0.239246	0.233428	0.231730	0.236212	0.234516	0.233109	0.233120	0.236435	0.234253	0.235994	0.225661	
0.241093	0.237767	0.229964	0.240341	0.233908	0.239034	0.231264	0.236759	0.237859	0.239741	0.237023	0.237343	0.239899	0.237951	0.237221	0.239451	0.236686	0.242783	0.234242	0.236221	0.241704	0.236625	0.228793	0.233248	0.232216	0.240246	0.236867	0.238210	0.237670	0.000000	0.241082	0.231188	0.236827	0.237204	0.235730	0.235741	0.231527	0.237504	0.239471	0.232116	0.235614	0.232989	0.233168	0.239601	0.236521	0.237179	0.238658	0.238758	0.239147	0.234895	0.237934	0.231467	0.238092	0.239076	0.236134	0.228314	0.235853	0.242043	0.236051	0.230073	0.238464	0.233315	0.236673	0.237340	0.241707	0.237081	0.239613	0.233054	0.234195	0.235614	0.239813	0.232120	0.240003	0.239975	0.242501	0.232276	0.234970	0.232809	0.230163	0.236579	0.236659	0.234620	0.239969	0.236590	0.238855	0.231155	0.231961	0.236575	0.238289	0.233053	0.237818	0.232607	0.236728	0.236964	0.240107	0.233203	
0.241858	0.247607	0.237466	0.241523	0.242399	0.242746	0.239439	0.238591	0.241424	0.247426	0.240796	0.239789	0.240645	0.241161	0.238858	0.247087	0.243980	0.242252	0.242737	0.245280	0.243215	0.241919	0.239518	0.244268	0.240903	0.241827	0.242506	0.240612	0.234459	0.241082	0.000000	0.228437	0.244330	0.243452	0.237524	0.240678	0.240221	0.242154	0.242434	0.240781	0.242982	0.239922	0.238717	0.241578	0.242634	0.245213	0.242547	0.243071	0.243769	0.244268	0.236179	0.237051	0.242063	0.241882	0.240934	0.236512	0.242370	0.245668	0.243918	0.239215	0.244542	0.241620	0.240443	0.244912	0.245480	0.241541	0.244405	0.241385	0.239384	0.237746	0.248820	0.241591	0.241786	0.248309	0.245477	0.242361	0.240190	0.239721	0.239151	0.241605	0.241543	0.239602	0.248072	0.244715	0.242959	0.240491	0.237011	0.236740	0.242362	0.238946	0.242809	0.241633	0.239455	0.240652	0.244095	0.235582	
0.225468	0.230090	0.224811	0.225451	0.214387	0.225476	0.230328	0.220100	0.232692	0.236265	0.223395	0.222383	0.218186	0.228161	0.228007	0.229194	0.227263	0.231810	0.231743	0.228713	0.232648	0.217873	0.224584	0.225094	0.220411	0.227301	0.232423	0.229098	0.230693	0.231188	0.228437	0.000000	0.227169	0.219909	0.222868	0.232879	0.231002	0.226635	0.230388	0.232325	0.231218	0.221014	0.210482	0.215087	0.226556	0.211753	0.222354	0.227128	0.230592	0.230141	0.228673	0.229330	0.220750	0.229698	0.223317	0.223896	0.229323	0.240271	0.223180	0.231379	0.239351	0.222934	0.228645	0.233074	0.235225	0.221223	0.222267	0.230502	0.223391	0.222701	0.218555	0.216091	0.218918	0.226404	0.237913	0.218174	0.225581	0.228031	0.223573	0.232664	0.225621	0.222876	0.224468	0.214314	0.228711	0.219547	0.224059	0.224138	0.231412	0.226745	0.223896	0.205454	0.230695	0.237943	0.221766	0.212441	
0.234752	0.238018	0.237114	0.240959	0.240246	0.235754	0.234916	0.238543	0.238665	0.244308	0.239465	0.238903	0.239188	0.238620	0.235033	0.242088	0.238678	0.238174	0.235979	0.238628	0.235723	0.238896	0.235277	0.237205	0.236576	0.239561	0.240884	0.238249	0.238536	0.236827	0.244330	0.227169	0.000000	0.237922	0.234796	0.234406	0.240052	0.237382	0.241215	0.237764	0.241355	0.238395	0.233860	0.233815	0.239514	0.231780	0.232910	0.238581	0.236932	0.230219	0.230388	0.237040	0.237591	0.236377	0.238670	0.234868	0.237411	0.242933	0.243518	0.239258	0.244119	0.236054	0.238969	0.242819	0.240731	0.235088	0.237204	0.233602	0.241536	0.233604	0.236925	0.231448	0.232928	0.242105	0.239280	0.243430	0.233362	0.238881	0.237244	0.238651	0.235152	0.238065	0.239904	0.235172	0.242704	0.231307	0.239469	0.235689	0.238515	0.237500	0.241757	0.234263	0.238679	0.239186	0.241132	0.230318	
0.244365	0.246736	0.232694	0.234367	0.234984	0.243662	0.233183	0.234763	0.239646	0.242242	0.237251	0.236859	0.242657	0.235713	0.234569	0.242017	0.239703	0.239502	0.236838	0.244455	0.241368	0.240761	0.233754	0.239798	0.234977	0.239431	0.241120	0.235707	0.235006	0.237204	0.243452	0.219909	0.237922	0.000000	0.229187	0.236799	0.235520	0.241155	0.238726	0.236729	0.235113	0.241493	0.238356	0.236061	0.239575	0.236748	0.237141	0.233547	0.237578	0.240990	0.222066	0.234606	0.237517	0.236673	0.237767	0.229087	0.241489	0.245923	0.235628	0.237796	0.241591	0.235573	0.233292	0.241198	0.239384	0.234724	0.237992	0.237805	0.236181	0.236426	0.235552	0.236710	0.241858	0.244213	0.242491	0.242716	0.237460	0.235127	0.240101	0.241693	0.240550	0.236403	0.237829	0.237507	0.238459	0.238584	0.236117	0.234098	0.239019	0.231883	0.237442	0.240477	0.236108	0.239500	0.238591	0.233460	
0.238248	0.236638	0.227540	0.238865	0.229679	0.235212	0.230392	0.238050	0.233925	0.238545	0.231046	0.235407	0.233715	0.232149	0.238136	0.238451	0.234249	0.236353	0.235290	0.239162	0.237375	0.232018	0.232867	0.234048	0.231215	0.236372	0.232556	0.236886	0.232844	0.235730	0.237524	0.222868	0.234796	0.229187	0.000000	0.234852	0.237946	0.236631	0.237354	0.230764	0.234883	0.236195	0.233220	0.233329	0.237133	0.240616	0.235516	0.237583	0.238097	0.239119	0.229238	0.233448	0.239167	0.238077	0.230305	0.224927	0.234564	0.240899	0.237815	0.227195	0.240540	0.238243	0.237346	0.240651	0.238865	0.236381	0.235234	0.232534	0.230632	0.237839	0.235341	0.230963	0.235473	0.240638	0.236385	0.233365	0.236843	0.228314	0.231042	0.230143	0.235313	0.233912	0.238141	0.240598	0.233969	0.232278	0.233477	0.231950	0.237772	0.231679	0.231534	0.230885	0.234896	0.234386	0.236905	0.230529	
0.234663	0.244507	0.231328	0.238517	0.235031	0.236902	0.229556	0.232385	0.235950	0.240104	0.236049	0.235116	0.229605	0.237452	0.234461	0.240353	0.236744	0.234054	0.238558	0.241098	0.236281	0.231009	0.231078	0.235075	0.232095	0.233629	0.234208	0.237687	0.236134	0.235741	0.240678	0.232879	0.234406	0.236799	0.234852	0.000000	0.233463	0.232919	0.234583	0.235829	0.236979	0.233227	0.233522	0.233439	0.235398	0.233207	0.234881	0.232147	0.234285	0.236767	0.235154	0.225389	0.234179	0.234754	0.242310	0.230911	0.239002	0.239143	0.230726	0.228204	0.241242	0.234107	0.231986	0.239580	0.242050	0.228969	0.233800	0.237641	0.234302	0.229655	0.229381	0.234037	0.232415	0.242624	0.238936	0.235390	0.235827	0.236027	0.235853	0.240930	0.240559	0.238388	0.239935	0.232609	0.230290	0.238925	0.233968	0.234335	0.235275	0.235630	0.230772	0.229042	0.232298	0.236462	0.234443	0.230464	
0.235102	0.246045	0.229884	0.232693	0.237605	0.240410	0.231245	0.238480	0.233799	0.243857	0.241762	0.233920	0.233991	0.236388	0.236345	0.242817	0.234868	0.232976	0.233999	0.238609	0.239560	0.238404	0.234723	0.237262	0.232845	0.234892	0.238438	0.235043	0.232124	0.231527	0.240221	0.231002	0.240052	0.235520	0.237946	0.233463	0.000000	0.232310	0.238239	0.232567	0.232468	0.237402	0.231967	0.235403	0.239555	0.238037	0.236856	0.234039	0.234982	0.236611	0.226082	0.230025	0.233757	0.244911	0.232971	0.229314	0.236028	0.244475	0.238218	0.234788	0.243931	0.230900	0.234839	0.240403	0.240524	0.236213	0.236278	0.231228	0.240750	0.231387	0.236609	0.230130	0.229645	0.240685	0.240717	0.235771	0.229319	0.234475	0.236434	0.237081	0.240028	0.236973	0.244967	0.233363	0.235247	0.236210	0.234859	0.224383	0.236611	0.232321	0.233606	0.233304	0.234824	0.236241	0.236119	0.228230	
0.241496	0.244288	0.235522	0.239961	0.226557	0.237140	0.231735	0.233349	0.240205	0.243486	0.233438	0.235728	0.234197	0.238922	0.236504	0.244657	0.235900	0.236663	0.236999	0.236442	0.239925	0.241566	0.236879	0.239116	0.233780	0.242680	0.234742	0.232545	0.229968	0.237504	0.242154	0.226635	0.237382	0.241155	0.236631	0.232919	0.232310	0.000000	0.240471	0.236362	0.235608	0.235245	0.236251	0.237724	0.237155	0.237894	0.237954	0.236738	0.234355	0.239818	0.238573	0.233626	0.235735	0.236401	0.239782	0.230910	0.240874	0.241740	0.242183	0.232527	0.244673	0.237327	0.230955	0.240206	0.240151	0.234007	0.237269	0.229163	0.233302	0.232298	0.237070	0.233906	0.243186	0.243052	0.239529	0.238213	0.233562	0.240683	0.235247	0.236476	0.237199	0.234532	0.247569	0.239909	0.235402	0.239133	0.236298	0.232836	0.242001	0.237746	0.236948	0.236370	0.239286	0.236156	0.236733	0.228770	
0.239159	0.241810	0.232367	0.237109	0.233934	0.251594	0.238399	0.236632	0.248995	0.243225	0.236510	0.236255	0.239808	0.234090	0.233666	0.242222	0.240053	0.242096	0.241092	0.241813	0.242046	0.239293	0.241858	0.240214	0.238227	0.241476	0.236580	0.236661	0.235449	0.239471	0.242434	0.230388	0.241215	0.238726	0.237354	0.234583	0.238239	0.240471	0.000000	0.233298	0.238359	0.234669	0.235423	0.240416	0.240544	0.237983	0.234411	0.241357	0.238892	0.232376	0.230871	0.230472	0.237621	0.235645	0.237622	0.234789	0.235780	0.243280	0.233917	0.239734	0.245503	0.242140	0.234715	0.238364	0.240336	0.235779	0.238891	0.232324	0.235833	0.241157	0.243497	0.238618	0.240072	0.244569	0.242881	0.239321	0.236900	0.233084	0.234209	0.242719	0.235206	0.240356	0.243122	0.241760	0.235828	0.240171	0.238563	0.234667	0.239870	0.234545	0.231337	0.238916	0.236299	0.236807	0.239078	0.233998	
0.234556	0.239895	0.230579	0.233764	0.233615	0.243925	0.238709	0.231859	0.238507	0.242018	0.231165	0.236279	0.231432	0.235145	0.229335	0.241815	0.240736	0.236021	0.234014	0.242052	0.232154	0.235484	0.234234	0.233659	0.234520	0.240230	0.233528	0.235235	0.233879	0.232116	0.240781	0.232325	0.237764	0.236729	0.230764	0.235829	0.232567	0.236362	0.233298	0.000000	0.237302	0.238230	0.236413	0.241400	0.233981	0.237669	0.232037	0.234328	0.236495	0.236338	0.228564	0.227930	0.234845	0.240694	0.237651	0.230176	0.239639	0.240298	0.234418	0.238722	0.242905	0.234469	0.229554	0.242311	0.239987	0.231134	0.238931	0.235854	0.238076	0.235071	0.238754	0.233046	0.238068	0.240175	0.240487	0.236189	0.228918	0.232396	0.236495	0.237259	0.238353	0.236471	0.240647	0.234782	0.236569	0.232746	0.234800	0.231062	0.241199	0.235726	0.237332	0.235314	0.230202	0.243304	0.237092	0.227210	
0.233630	0.240421	0.234737	0.234328	0.235283	0.236753	0.235807	0.239216	0.240408	0.243117	0.239058	0.234192	0.237601	0.232706	0.236419	0.242962	0.236424	0.235003	0.239306	0.236474	0.241099	0.242084	0.236697	0.233019	0.236032	0.239928	0.234785	0.234503	0.235312	0.235614	0.242982	0.231218	0.241355	0.235113	0.234883	0.236979	0.232468	0.235608	0.238359	0.237302	0.000000	0.233255	0.238013	0.240703	0.238144	0.239198	0.242123	0.233574	0.235867	0.236974	0.237567	0.234240	0.245277	0.240795	0.237070	0.229043	0.240438	0.242159	0.237727	0.237365	0.243338	0.236052	0.234783	0.238674	0.239330	0.245331	0.236038	0.232743	0.233244	0.235675	0.235636	0.233290	0.234648	0.242414	0.240271	0.237614	0.236442	0.237377	0.237272	0.239416	0.232552	0.235960	0.242144	0.239386	0.233473	0.237720	0.235862	0.227422	0.232775	0.235563	0.233428	0.236257	0.234510	0.238305	0.237352	0.231872	
0.231239	0.242030	0.240699	0.234860	0.237376	0.238516	0.235723	0.234485	0.238313	0.240180	0.235425	0.236512	0.236332	0.233434	0.234807	0.242563	0.236563	0.239081	0.234293	0.236270	0.239503	0.233242	0.233805	0.231343	0.232379	0.243786	0.233436	0.239959	0.235854	0.232989	0.239922	0.221014	0.238395	0.241493	0.236195	0.233227	0.237402	0.235245	0.234669	0.238230	0.233255	0.000000	0.234275	0.237795	0.233524	0.230534	0.236437	0.235383	0.243248	0.230404	0.235607	0.232673	0.237707	0.233133	0.239499	0.231811	0.239563	0.240980	0.232639	0.237199	0.240779	0.242979	0.233333	0.241142	0.239343	0.234051	0.236832	0.229833	0.235561	0.232019	0.242234	0.233301	0.233913	0.241364	0.238216	0.233553	0.233770	0.237476	0.235028	0.236852	0.233326	0.235804	0.241232	0.234448	0.242502	0.235792	0.232306	0.229300	0.237636	0.233136	0.233215	0.232819	0.233837	0.239235	0.236048	0.227903	
0.238167	0.240582	0.230107	0.236362	0.231237	0.240890	0.231180	0.228770	0.231210	0.240183	0.234149	0.233622	0.231518	0.233448	0.237477	0.237667	0.240282	0.234703	0.234570	0.240256	0.240168	0.230443	0.231991	0.235265	0.231392	0.233851	0.237299	0.234937	0.233539	0.233168	0.238717	0.210482	0.233860	0.238356	0.233220	0.233522	0.231967	0.236251	0.235423	0.236413	0.238013	0.234275	0.000000	0.229499	0.233201	0.235197	0.229085	0.232937	0.234312	0.232516	0.220861	0.229535	0.235053	0.235787	0.235233	0.238181	0.232835	0.242320	0.236528	0.239112	0.244066	0.232189	0.231920	0.240858	0.236857	0.235756	0.234091	0.236143	0.232131	0.232242	0.232286	0.230227	0.238335	0.238940	0.236752	0.232113	0.233496	0.229240	0.232743	0.236123	0.237166	0.228345	0.241813	0.237856	0.234132	0.234453	0.232802	0.233003	0.238285	0.228606	0.234335	0.231371	0.231033	0.239219	0.239663	0.226892	
0.239278	0.239397	0.235608	0.237777	0.237726	0.241824	0.234704	0.235464	0.241679	0.245049	0.241474	0.237636	0.232973	0.233663	0.236803	0.243471	0.240077	0.236576	0.239489	0.235525	0.240661	0.233214	0.232416	0.235150	0.236559	0.235351	0.243849	0.234984	0.233912	0.239601	0.241578	0.215087	0.233815	0.236061	0.233329	0.233439	0.235403	0.237724	0.240416	0.241400	0.240703	0.237795	0.229499	0.000000	0.235493	0.238975	0.231723	0.237236	0.233275	0.237922	0.228291	0.238003	0.238549	0.240352	0.236020	0.233373	0.233096	0.246261	0.242801	0.236190	0.248543	0.238581	0.231299	0.242327	0.240367	0.241239	0.237940	0.236537	0.234883	0.234677	0.243654	0.235064	0.236276	0.243726	0.243539	0.234711	0.232848	0.240274	0.239052	0.240788	0.234596	0.234849	0.244508	0.237714	0.240871	0.232698	0.234940	0.235372	0.237406	0.230149	0.238810	0.234816	0.235463	0.243267	0.236676	0.231254	
0.242369	0.242625	0.239490	0.235528	0.234756	0.239216	0.239407	0.238900	0.238777	0.244880	0.236346	0.236555	0.241032	0.233545	0.240685	0.241034	0.240783	0.236730	0.238259	0.243083	0.233513	0.236017	0.236969	0.232365	0.240172	0.242040	0.241968	0.237613	0.239603	0.236521	0.242634	0.226556	0.239514	0.239575	0.237133	0.235398	0.239555	0.237155	0.240544	0.233981	0.238144	0.233524	0.233201	0.235493	0.000000	0.237447	0.237849	0.231509	0.235376	0.232050	0.238029	0.234372	0.240451	0.237786	0.241960	0.235316	0.239902	0.244975	0.238366	0.236466	0.244264	0.237367	0.233933	0.243248	0.240057	0.233837	0.238099	0.235119	0.240507	0.232934	0.241781	0.239274	0.239465	0.246201	0.239831	0.238237	0.235916	0.236162	0.235961	0.242666	0.242432	0.239827	0.242817	0.240252	0.242729	0.236084	0.241459	0.236471	0.240759	0.237942	0.237226	0.236459	0.234034	0.236657	0.240105	0.232032	
0.239175	0.244131	0.233400	0.238207	0.234661	0.238973	0.240568	0.233705	0.237727	0.246233	0.239768	0.233723	0.231582	0.239358	0.237538	0.244923	0.238493	0.233020	0.239584	0.241283	0.240272	0.233975	0.234315	0.237011	0.236077	0.234401	0.240977	0.234969	0.232921	0.237179	0.245213	0.211753	0.231780	0.236748	0.240616	0.233207	0.238037	0.237894	0.237983	0.237669	0.239198	0.230534	0.235197	0.238975	0.237447	0.000000	0.232049	0.236768	0.234232	0.231465	0.234551	0.235996	0.235433	0.237332	0.236374	0.235934	0.240184	0.244831	0.236553	0.237376	0.241066	0.240840	0.239018	0.239808	0.242607	0.234471	0.242496	0.230284	0.234955	0.237193	0.235261	0.232937	0.234693	0.241380	0.242447	0.239618	0.234582	0.232626	0.238577	0.238074	0.238878	0.233443	0.242318	0.234179	0.240376	0.239672	0.233431	0.233302	0.236490	0.237769	0.233543	0.233030	0.234849	0.244183	0.235035	0.228958	
