0.00000000099999999999 0.99999999799999994554 0.00000000099999999999 
0.00000000099999999999 0.00000000099999999999 0.99999999800000005656 
0.00000000099999999998 0.00000000099999999998 0.99999999799999994554 
0.17377874088204370295 0.50585377714820400907 0.32036748196975228797 
0.00000000099999999998 0.00000000099999999998 0.99999999800000005656 
0.22693466284292318491 0.48652093847330502019 0.28654439868377168388 
0.16974574684904331079 0.51852957698873958226 0.31172467616221705144 
0.00000000099999999999 0.00000000099999999999 0.99999999800000005656 
0.00000000099999999998 0.00000000099999999998 0.99999999800000005656 
0.99999999800000005656 0.00000000099999999999 0.00000000099999999999 
0.00134948098350904950 0.44629342716468245467 0.55235709185180859038 
0.01480496007014426088 0.47158879206923415284 0.51360624786062170077 
0.00573160652523514117 0.49424801143135449477 0.50002038204341048289 
0.10933766681843019863 0.43008783097903313664 0.46057450220253676187 
0.00000000099999999999 0.00000000099999999999 0.99999999800000005656 
0.99999999800000005656 0.00000000099999999999 0.00000000099999999999 
0.13241530287116745623 0.49642305894288518697 0.37116163818594738455 
0.00000000099999999999 0.99999999800000005656 0.00000000099999999999 
0.00001690826428151107 0.40430864018046203112 0.59567445155525655665 
0.19851287789755603375 0.27366030280831465937 0.52782681929412933464 
0.10727773738460595621 0.60009239054237217825 0.29262987207302204595 
0.09064678120084689039 0.51896386939948513373 0.39038934939966785098 
0.14990455933050131354 0.50887739988700886329 0.34121804078248985093 
0.07522344871655980980 0.39102894643746705095 0.53374760484597316701 
0.05752290607303814363 0.38292535315072245838 0.55955174077623948126 
0.00000000099999999999 0.99999999800000005656 0.00000000099999999999 
0.21654507422218507995 0.38408676969217059316 0.39936815608564418811 
0.08440721246739145422 0.40609490907678841287 0.50949787845582017454 
0.00000000185162883077 0.38607368771017264164 0.61392631043819845260 
0.00000000099999999999 0.00000000099999999999 0.99999999800000005656 
0.99999999800000005656 0.00000000099999999999 0.00000000099999999999 
0.00000000100000000000 0.99999999800000005656 0.00000000100000000000 
0.17008808928550717132 0.65475760207090127896 0.17515430864359168850 
0.13427213125703635344 0.42414981454604444577 0.44157805419691914528 
0.12802001148231298422 0.31435246437690766985 0.55762752414077931817 
0.00000006607719845408 0.45233259557806620998 0.54766733834473535492 
0.00000000100000000000 0.66493370600164314332 0.33506629299835682945 
0.00000000099999999998 0.00000000099999999998 0.99999999800000005656 
0.20500998719074520205 0.45359809869099337876 0.34139191411826153022 
0.00000000099999999999 0.00000000099999999999 0.99999999800000005656 
0.13166212173982694278 0.47101088664664064742 0.39732699161353252082 
0.12124393625115409412 0.49473654615858653205 0.38401951759025931832 
0.10171226304710027921 0.57926614322290237435 0.31902159372999738807 
0.00000000099999999999 0.99999999799999994554 0.00000000099999999999 
0.15046839261039479663 0.43738670628806530782 0.41214490110153984004 
0.00000000099999999999 0.00000000099999999999 0.99999999800000005656 
0.11382475665561887779 0.48970562679863394173 0.39646961654574713885 
0.00000000099999999999 0.99999999800000005656 0.00000000099999999999 
0.18941317238807273138 0.24520684620382016128 0.56537998140810719061 
0.00000000099999999998 0.99999999800000005656 0.00000000099999999998 
0.00000000099999999999 0.00000000099999999999 0.99999999800000005656 
0.00000000100000000000 0.44022975566521721502 0.55977024333478275775 
0.12682489939834348802 0.40905435904549253268 0.46412074155616389604 
0.16066287073627166793 0.48308516030965686916 0.35625196895407135189 
0.00286297189151981562 0.60429894155865893079 0.39283808654982116382 
0.06477014387905981330 0.28599460615316407708 0.64923524996777615126 
0.00000000099999999998 0.99999999800000005656 0.00000000099999999998 
0.99999999799999994554 0.00000000099999999999 0.00000000099999999999 
0.00000000099999999999 0.99999999799999994554 0.00000000099999999999 
0.00000166846710996753 0.47843495231966282066 0.52156337921322715179 
0.91502598980911797888 0.00000000100000000000 0.08497400919088195226 
0.16070456972631858017 0.42412014271537762378 0.41517528755830374054 
0.00000000099999999998 0.00000000099999999998 0.99999999800000005656 
0.99999999800000005656 0.00000000099999999999 0.00000000099999999999 
0.99999999800000005656 0.00000000100000000000 0.00000000100000000000 
0.00178465282490450198 0.50786610269188059430 0.49034924448321498547 
0.00000302312741388775 0.52350997057411174929 0.47648700629847451360 
0.06608056079691346230 0.50008951362019871123 0.43382992558288774321 
0.09869360580321455412 0.47788014859800431733 0.42342624559878111468 
0.00000039191820419582 0.50991413006919639184 0.49008547801259944032 
0.00000000099999999999 0.00000000099999999999 0.99999999799999994554 
0.19968472090557595755 0.39212739240768351712 0.40818788668674055309 
0.00000000099999999999 0.99999999800000005656 0.00000000099999999999 
0.96453095053698867378 0.02576570840614159433 0.00970334105686975271 
0.99999999800000005656 0.00000000099999999999 0.00000000099999999999 
0.00000000099999999999 0.99999999799999994554 0.00000000099999999999 
0.00659577697742823755 0.62155806137638958120 0.37184616164618217171 
0.00000000100000000000 0.54143639575309410183 0.45856360324690592645 
0.14245796407246819060 0.32854175563489967926 0.52900028029263224116 
0.18291308154798502361 0.33570682677065388777 0.48138009168136119964 
0.19264540848238262405 0.43875572197089501847 0.36859886954672238524 
0.17065141501151656622 0.31079467443570879537 0.51855391055277455514 
0.17684720667455036680 0.49659347198926451217 0.32655932133618525981 
0.00000000099999999999 0.99999999799999994554 0.00000000099999999999 
0.00000000099999999999 0.99999999800000005656 0.00000000099999999999 
0.00000000099999999999 0.99999999799999994554 0.00000000099999999999 
0.00000000100000000000 0.55039508639621770314 0.44960491260378238065 
0.00000000100000000000 0.45092709975807510059 0.54907289924192492769 
0.16725292302379696219 0.48796051647012261832 0.34478656050608036399 
0.08964863877869237718 0.62607343115258706767 0.28427793006872059678 
0.10289104501402519809 0.48827994795017826135 0.40882900703579644341 
0.00000000100000000000 0.46487361741466920462 0.53512638158533076815 
0.00000000099999999999 0.99999999799999994554 0.00000000099999999999 
0.11369098070544073065 0.43081090589918774603 0.45549811339537149557 
0.07232989238418964517 0.47380374187130175345 0.45386636574450850423 
0.00000000099999999999 0.99999999800000005656 0.00000000099999999999 
