0.20324736691254055576 0.25709943248701877527 0.27911958012315002398 0.26053362047729050621 
0.20404036321453250524 0.59863800554835677747 0.19732163023711069005 0.00000000100000000000 
0.00000000099999999997 0.00000000099999999997 0.99999999699999986280 0.00000000099999999997 
0.14530751350813289613 0.53474534421776886983 0.00000000100000000000 0.31994714127409829008 
0.00000000099999999999 0.43216992924657460229 0.56783006875342523223 0.00000000099999999999 
0.21395929480414618840 0.47987350237747283810 0.01473498316127816975 0.29143221965710291999 
0.00000000099999999997 0.99999999699999997382 0.00000000099999999997 0.00000000099999999997 
0.05178183506491693122 0.30424300856611036226 0.18900111661647966965 0.45497403975249289809 
0.00000000099999999999 0.00000000099999999999 0.50311402608813193815 0.49688597191186806290 
0.99999999699999997382 0.00000000099999999999 0.00000000099999999999 0.00000000099999999999 
0.00000000100000000000 0.26575205226693399130 0.34717598753718592608 0.38707195919587994437 
0.00011069794012493965 0.32032493399176048543 0.23030671381541720222 0.44925765425269736930 
0.00000000099999999999 0.42005805060466383516 0.57994194739533599936 0.00000000099999999999 
0.00000000099999999998 0.99999999700000008485 0.00000000099999999998 0.00000000099999999998 
0.00003371354745692802 0.40265794539493554582 0.21958908331248666590 0.37771925774512077334 
0.99999999699999997382 0.00000000099999999999 0.00000000099999999999 0.00000000099999999999 
0.11043740024060677563 0.29042375600658532075 0.31368589170459881821 0.28545295204820908541 
0.00000000099999999998 0.00000000099999999998 0.99999999699999986280 0.00000000099999999998 
0.00000000099999999997 0.00000000099999999997 0.99999999699999997382 0.00000000099999999997 
0.00000002743121308391 0.00000000100000000000 0.60914678985193082550 0.39085318171685612398 
0.13515648690120360409 0.48349639724679682740 0.00000000100000000000 0.38134711485199962455 
0.00000000099999999998 0.00000000099999999998 0.99999999699999986280 0.00000000099999999998 
0.13922855440309375719 0.19616645037131091867 0.28620435169363833694 0.37840064353195690394 
0.00000000099999999998 0.00000000099999999998 0.00000000099999999998 0.99999999699999997382 
0.08303936751540053063 0.33222082895666832369 0.27194133547770388271 0.31279846805022737399 
0.04821553876112947418 0.20820629189309594609 0.25135007650931073808 0.49222809283646379308 
0.22323873982086964163 0.32903794369920774665 0.10082329402571718613 0.34690002245420537008 
0.09256513106333075225 0.34361561690524938806 0.26403011688987959582 0.29978913514154043041 
0.00000000100000000000 0.41567094040211943762 0.58432905759788045241 0.00000000100000000000 
0.00000000100000000000 0.47415949287428726944 0.52584050512571256508 0.00000000100000000000 
0.99999999699999997382 0.00000000099999999999 0.00000000099999999999 0.00000000099999999999 
0.00000000099999999999 0.99999999699999997382 0.00000000099999999999 0.00000000099999999999 
0.00000000099999999998 0.00000000099999999998 0.00000000099999999998 0.99999999699999997382 
0.00000000099999999998 0.00000000099999999998 0.99999999699999997382 0.00000000099999999998 
0.00000000099999999997 0.00000000099999999997 0.99999999699999997382 0.00000000099999999997 
0.00000000099999999998 0.00000000099999999998 0.00000000099999999998 0.99999999700000008485 
0.00000000100000000000 0.41836078319757386001 0.22639328830017349525 0.35524592750225258975 
0.06557700304315924877 0.28732768053705681766 0.26825912452126715602 0.37883619189851669429 
0.20240713512352248582 0.34024041925744280546 0.10356273583468467159 0.35378970978435003714 
0.00000000099999999999 0.41906034760312887988 0.00000000099999999999 0.58093965039687123220 
0.00000000099999999998 0.00000000099999999998 0.00000000099999999998 0.99999999699999997382 
0.00000000100000000000 0.44753377764735036148 0.00000000100000000000 0.55246622035264969508 
0.00000000099999999998 0.00000000099999999998 0.99999999699999997382 0.00000000099999999998 
0.00000000099999999999 0.60810591370571520642 0.39189408429428479463 0.00000000099999999999 
0.11787556003709069585 0.32248607655363342728 0.00000000100000000000 0.55963836240927578025 
0.00000000099999999998 0.00000000099999999998 0.00000000099999999998 0.99999999699999997382 
0.00000000099999999998 0.99999999699999997382 0.00000000099999999998 0.00000000099999999998 
0.00000000099999999998 0.00000000099999999998 0.00000000099999999998 0.99999999699999997382 
0.20038352404271131402 0.34076891358720229341 0.24406987063223109513 0.21477769173785524193 
0.00000000099999999997 0.00000000099999999997 0.00000000099999999997 0.99999999699999997382 
0.00000000099999999999 0.00000000099999999999 0.99999999699999986280 0.00000000099999999999 
0.00000000099999999998 0.00000000099999999998 0.00000000099999999998 0.99999999700000008485 
0.00000000099999999998 0.99999999699999997382 0.00000000099999999998 0.00000000099999999998 
0.15008051316620313331 0.32458898056872709237 0.23123967526469796363 0.29409083100037169967 
0.00000000099999999997 0.99999999699999997382 0.00000000099999999997 0.00000000099999999997 
0.00000000099999999997 0.00000000099999999997 0.99999999699999997382 0.00000000099999999997 
0.00000000099999999997 0.99999999699999997382 0.00000000099999999997 0.00000000099999999997 
0.99999999699999997382 0.00000000099999999998 0.00000000099999999998 0.00000000099999999998 
0.03083220859476687795 0.31858338218046072798 0.25589176088216492033 0.39469264834260742170 
0.00000000099999999997 0.00000000099999999997 0.99999999699999997382 0.00000000099999999997 
0.94356056457753934019 0.00385005802531578978 0.00000550364020383315 0.05258387375694113797 
0.14165700214819787472 0.33589616780036163357 0.18969504399309480847 0.33275178605834576651 
0.00000000099999999997 0.99999999699999997382 0.00000000099999999997 0.00000000099999999997 
0.99999999700000008485 0.00000000099999999998 0.00000000099999999998 0.00000000099999999998 
0.99999999700000008485 0.00000000099999999999 0.00000000099999999999 0.00000000099999999999 
0.00000000099999999997 0.00000000099999999997 0.00000000099999999997 0.99999999699999997382 
0.00000000099999999997 0.99999999699999997382 0.00000000099999999997 0.00000000099999999997 
0.00000000099999999999 0.39749985025875950173 0.00000000099999999999 0.60250014774124049932 
0.00000000099999999998 0.00000000099999999998 0.00000000099999999998 0.99999999700000008485 
0.00000000100000000000 0.58493917183073973476 0.00000000100000000000 0.41506082616926037732 
0.00000000100000000000 0.41715118051730321058 0.00000000100000000000 0.58284881748269667945 
0.19267083737634210783 0.32697101063128175547 0.24188343605992618235 0.23847471593244989885 
0.08265716383003267331 0.23463902080076060042 0.32691329716942074679 0.35579051819978613214 
0.96325047288709675364 0.00000000100000000000 0.03674930666824658548 0.00000021944465676061 
0.99999999699999997382 0.00000000099999999998 0.00000000099999999998 0.00000000099999999998 
0.14721314999826534686 0.39967331724726212761 0.13545280509394300172 0.31766072766052949605 
0.00000000100000000000 0.54645522246824840273 0.00000000100000000000 0.45354477553175170934 
0.00000000100000000000 0.47340489938922714064 0.00000000100000000000 0.52659509861077280490 
0.00000000100000000000 0.00000000100000000000 0.49308775019624262459 0.50691224780375732095 
0.00000000099999999997 0.00000000099999999997 0.99999999699999986280 0.00000000099999999997 
0.00000000099999999998 0.00000000099999999998 0.99999999699999997382 0.00000000099999999998 
0.00000000099999999999 0.00000000099999999999 0.00000000099999999999 0.99999999700000008485 
0.19480245266028548001 0.51911215558559187233 0.00000006395845024990 0.28608532779567241722 
0.13503395408237084396 0.45529863120652547259 0.00000000129222845473 0.40966741341887519257 
0.14534197518371091973 0.26549446898537593098 0.30454519828874421217 0.28461835754216874284 
0.11048846981353065144 0.33386911714791589478 0.26151698560064401411 0.29412542743790931477 
0.00000000100000000000 0.39475117329012249234 0.28809713608550346908 0.31715168962437412237 
0.00000000099999999998 0.00000000099999999998 0.00000000099999999998 0.99999999700000008485 
0.14076360764047507468 0.45044134171766808672 0.19873354668798581812 0.21006150395387093721 
0.00000000099999999997 0.99999999700000008485 0.00000000099999999997 0.00000000099999999997 
0.00000000099999999997 0.99999999700000008485 0.00000000099999999997 0.00000000099999999997 
0.00000000099999999997 0.99999999700000008485 0.00000000099999999997 0.00000000099999999997 
0.10521825039127975787 0.31727444080206074206 0.18678744947115655251 0.39071985933550285042 
0.00000000099999999997 0.00000000099999999997 0.99999999699999997382 0.00000000099999999997 
0.04411975547624984867 0.39720718519578496197 0.14229974736333847463 0.41637331196462662453 
0.00000000099999999998 0.00000000099999999998 0.00000000099999999998 0.99999999699999997382 
